Classifier Results
------------------------------------------------
Dataset: Harry_gym_movements_gy
Classifier: RandomForestClassifier()
------------------------------------------------
Train time: 0.11071991920471191
Accuracy: 0.36220472440944884
Balanced Accuracy: 0.3396825396825397
Precision: 0.31781789638932495
Recall: 0.3396825396825397
F1 Score: 0.311439921474386
AUROC: 0.6855456336016766
Confusion Matrix:
 [[14  2  4  0  0  0  0]
 [ 3  9  3  0  0  1  4]
 [ 5  1  9  1  0  3  1]
 [ 5  9  2  2  0  0  0]
 [ 6  1  1  3  0  1  1]
 [ 6  2  2  2  0  5  1]
 [ 6  2  0  1  0  2  7]]
------------------------------------------------
