Classifier Results
------------------------------------------------
Dataset: Harry_gym_movements_az
Classifier: RandomForestClassifier()
------------------------------------------------
Train time: 0.11219358444213867
Accuracy: 0.3228346456692913
Balanced Accuracy: 0.3125763125763125
Precision: 0.3809325396825397
Recall: 0.3125763125763125
F1 Score: 0.3102549566835281
AUROC: 0.71588688139465
Confusion Matrix:
 [[ 7  3  7  0  0  2  1]
 [ 2  8  5  3  0  1  1]
 [ 9  2  5  1  0  3  0]
 [ 5  4  5  1  1  2  0]
 [ 6  1  5  0  1  0  0]
 [ 2  1  1  2  0 12  0]
 [ 1  6  0  3  0  1  7]]
------------------------------------------------
