Classifier Results
------------------------------------------------
Dataset: Harry_gym_movements_gz
Classifier: RandomForestClassifier()
------------------------------------------------
Train time: 0.10693097114562988
Accuracy: 0.7132867132867133
Balanced Accuracy: 0.7220496894409939
Precision: 0.7181453634085212
Recall: 0.7220496894409939
F1 Score: 0.7159976973930463
AUROC: 0.9409830581225067
Confusion Matrix:
 [[ 7  3  9  1  2  1  0]
 [ 0 18  0  0  2  0  0]
 [ 7  1  9  0  2  1  0]
 [ 4  1  0 14  1  0  0]
 [ 0  2  0  1 17  0  0]
 [ 1  0  1  0  0 18  0]
 [ 1  0  0  0  0  0 19]]
------------------------------------------------
