Classifier Results
------------------------------------------------
Dataset: Harry_gym_movements_gx
Classifier: RandomForestClassifier()
------------------------------------------------
Train time: 0.10985517501831055
Accuracy: 0.43703703703703706
Balanced Accuracy: 0.4261904761904762
Precision: 0.4620018752088056
Recall: 0.4261904761904762
F1 Score: 0.4148837683641579
AUROC: 0.7575948930296758
Confusion Matrix:
 [[ 5  3  4  1  0  4  3]
 [ 2 12  0  1  0  0  5]
 [ 3  0  9  4  0  3  1]
 [ 6  3  0  6  1  0  4]
 [ 0  5  0  3  2  0  5]
 [ 1  1  3  0  0 15  0]
 [ 2  2  2  3  0  1 10]]
------------------------------------------------
