Classifier Results
------------------------------------------------
Dataset: Harry_gym_movements
Classifier: RandomForestClassifier()
------------------------------------------------
Train time: 0.15680456161499023
Accuracy: 0.8041958041958042
Balanced Accuracy: 0.8065217391304348
Precision: 0.8213438816822275
Recall: 0.8065217391304348
F1 Score: 0.8096525997209761
AUROC: 0.9533239913144472
Confusion Matrix:
 [[16  1  5  0  0  0  1]
 [ 0 19  0  0  0  0  1]
 [ 5  0 15  0  0  0  0]
 [ 1  2  0 16  1  0  0]
 [ 2  2  1  1 14  0  0]
 [ 0  0  0  2  0 18  0]
 [ 2  0  0  1  0  0 17]]
------------------------------------------------
