Classifier Results
------------------------------------------------
Dataset: Harry_gym_movements_gyro
Classifier: RandomForestClassifier()
------------------------------------------------
Train time: 0.1144866943359375
Accuracy: 0.6771653543307087
Balanced Accuracy: 0.6705738705738706
Precision: 0.7484798409610439
Recall: 0.6705738705738706
F1 Score: 0.6851824584958021
AUROC: 0.9055143511654656
Confusion Matrix:
 [[13  2  4  0  0  0  1]
 [ 1 19  0  0  0  0  0]
 [ 8  1 10  0  0  1  0]
 [ 5  0  1 10  1  1  0]
 [ 3  2  0  0  7  0  1]
 [ 5  1  1  1  0 10  0]
 [ 0  1  0  0  0  0 17]]
------------------------------------------------
