Classifier Results
------------------------------------------------
Dataset: Harry_gym_movements_accel
Classifier: RandomForestClassifier()
------------------------------------------------
Train time: 0.15752792358398438
Accuracy: 0.657608695652174
Balanced Accuracy: 0.657608695652174
Precision: 0.6525538153684607
Recall: 0.657608695652174
F1 Score: 0.6510236860818135
AUROC: 0.9144443694301918
Confusion Matrix:
 [[ 6  1  9  0  2  1  1  3]
 [ 1 19  0  1  0  0  1  1]
 [ 5  0 17  0  1  0  0  0]
 [ 1  0  0 18  1  0  0  3]
 [ 1  0  3  1 15  0  1  2]
 [ 0  0  0  3  0 19  0  1]
 [ 1  3  0  0  0  1 18  0]
 [ 4  5  1  1  0  1  2  9]]
------------------------------------------------
