Classifier Results
------------------------------------------------
Dataset: Harry_gym_movements_ay
Classifier: RandomForestClassifier()
------------------------------------------------
Train time: 0.10235238075256348
Accuracy: 0.6993006993006993
Balanced Accuracy: 0.7049689440993789
Precision: 0.7142898767898768
Recall: 0.7049689440993789
F1 Score: 0.7030781494814429
AUROC: 0.911945159824269
Confusion Matrix:
 [[10  2  7  0  1  1  2]
 [ 1 16  0  0  2  1  0]
 [ 3  0 15  1  1  0  0]
 [ 5  1  0 13  0  0  1]
 [ 0  1  3  0 16  0  0]
 [ 0  0  1  0  2 17  0]
 [ 1  4  0  1  0  1 13]]
------------------------------------------------
