Classifier Results
------------------------------------------------
Dataset: Harry_gym_movements_ax
Classifier: RandomForestClassifier()
------------------------------------------------
Train time: 0.10647034645080566
Accuracy: 0.5669291338582677
Balanced Accuracy: 0.5473748473748473
Precision: 0.6256434042148328
Recall: 0.5473748473748473
F1 Score: 0.535604956946221
AUROC: 0.8668360557428325
Confusion Matrix:
 [[ 9  1  5  0  0  2  3]
 [ 1 12  0  2  0  1  4]
 [ 3  0 17  0  0  0  0]
 [ 1  6  0 11  0  0  0]
 [ 3  2  0  1  2  2  3]
 [ 1  4  0  6  0  7  0]
 [ 3  1  0  0  0  0 14]]
------------------------------------------------
