Classifier Results
------------------------------------------------
Dataset: independent
Classifier: Multi-layer Perceptron
------------------------------------------------
Train time: 0.9055604934692383
Accuracy: 0.2875
Balanced Accuracy: 0.2875
Precision: 0.36039377289377283
Recall: 0.2875
F1 Score: 0.26130050505050506
AUROC: 0.5985714285714285
Confusion Matrix:
 [[7 0 0 0 0 1 1 1]
 [0 4 0 0 0 2 1 3]
 [3 0 1 0 1 0 0 5]
 [0 3 1 1 0 0 0 5]
 [0 2 1 0 0 1 3 3]
 [0 0 1 0 7 2 0 0]
 [2 3 0 0 0 0 2 3]
 [0 2 1 0 0 0 1 6]]
------------------------------------------------
