Classifier Results
------------------------------------------------
Dataset: Harry_gym_movements_az
Classifier: KNeighborsClassifier()
------------------------------------------------
Summary Stats
------------------------------------------------
Mean Train time: 0.000350189208984375, Standard Deviation: 0.0002292526936098219
Mean Accuracy: 0.5055555555555555, Standard Deviation: 0.090267093384844
Mean Balanced Accuracy: 0.5025000000000001, Standard Deviation: 0.09313129173376691
Mean Precision: 0.5291193297443296, Standard Deviation: 0.10752726001856779
Mean Recall: 0.5055555555555555, Standard Deviation: 0.090267093384844
Mean F1 Score: 0.4876053671274259, Standard Deviation: 0.10083881768968106
Mean AUROC: 0.7980930779569892, Standard Deviation: 0.034830727302413024
Confusion Matrix:
 [[10  3  4  6  2  2  2 16]
 [ 1 21  0  4  3  1  8  7]
 [ 7  2 19  3  0  3  2  9]
 [ 4  3  0 17  7  4  0 10]
 [ 2  3  0  3 21  3  0 13]
 [ 1  0  5  4  0 30  2  3]
 [ 2  5  2  1  1  1 33  0]
 [ 1  2  1  7  0  3  0 31]]
------------------------------------------------
Fold Results
------------------------------------------------
Train time: [0.0005004405975341797, 0.0005004405975341797, 0.0, 0.0, 0.0005002021789550781, 0.0005004405975341797, 0.0005002021789550781, 0.0005002021789550781, 0.0, 0.0004999637603759766]
Accuracy: [0.4444444444444444, 0.4166666666666667, 0.5833333333333334, 0.5277777777777778, 0.5, 0.4444444444444444, 0.6944444444444444, 0.5555555555555556, 0.3611111111111111, 0.5277777777777778]
Balanced Accuracy: [0.44375, 0.42500000000000004, 0.59375, 0.53125, 0.4875, 0.43125, 0.6875, 0.55625, 0.34375, 0.525]
Precision: [0.4811507936507937, 0.4441595441595442, 0.6613756613756614, 0.6054843304843305, 0.5212962962962963, 0.4166666666666667, 0.7472222222222222, 0.552116402116402, 0.39436026936026936, 0.4673611111111111]
Recall: [0.4444444444444444, 0.4166666666666667, 0.5833333333333334, 0.5277777777777778, 0.5, 0.4444444444444444, 0.6944444444444444, 0.5555555555555556, 0.3611111111111111, 0.5277777777777778]
F1 Score: [0.41027336860670194, 0.37459327165209516, 0.5986050986050986, 0.5195494864612511, 0.48778659611992947, 0.41547218213884873, 0.6915784832451499, 0.5465568382235049, 0.3487323633156967, 0.48290598290598297]
AUROC: [0.7279625896057348, 0.8148661514336918, 0.7860803091397849, 0.7869343637992832, 0.7705253136200717, 0.8389756944444444, 0.8316812275985662, 0.831429211469534, 0.7647289426523298, 0.8277469758064516]
------------------------------------------------
