Classifier Results
------------------------------------------------
Dataset: Harry_gym_movements_gx
Classifier: KNeighborsClassifier()
------------------------------------------------
Summary Stats
------------------------------------------------
Mean Train time: 0.00040004253387451174, Standard Deviation: 0.00020002137883580673
Mean Accuracy: 0.4916666666666667, Standard Deviation: 0.07561476438231221
Mean Balanced Accuracy: 0.490625, Standard Deviation: 0.07772397072332318
Mean Precision: 0.5844423708529746, Standard Deviation: 0.10187314610563354
Mean Recall: 0.4916666666666667, Standard Deviation: 0.07561476438231221
Mean F1 Score: 0.4784291245875914, Standard Deviation: 0.07989278289462573
Mean AUROC: 0.8324904793906811, Standard Deviation: 0.027958916407597244
Confusion Matrix:
 [[ 9  1  7  0  1  0  4 23]
 [ 0 23  1  1  8  0  2 10]
 [ 6  0 23  1  0  3  4  8]
 [ 1  5  0 15  2  0  3 19]
 [ 3 10  0  3 24  0  0  5]
 [ 0  0  7  0  0 31  0  7]
 [ 2  0  2  0  0  0  9 32]
 [ 0  0  0  0  0  0  2 43]]
------------------------------------------------
Fold Results
------------------------------------------------
Train time: [0.0004994869232177734, 0.0005002021789550781, 0.0005002021789550781, 0.0004999637603759766, 0.0005002021789550781, 0.0005002021789550781, 0.0004999637603759766, 0.0, 0.0, 0.0005002021789550781]
Accuracy: [0.5, 0.5, 0.5, 0.5, 0.3333333333333333, 0.5, 0.5555555555555556, 0.6388888888888888, 0.4166666666666667, 0.4722222222222222]
Balanced Accuracy: [0.50625, 0.5187499999999999, 0.525, 0.5125, 0.3375, 0.49375, 0.53125, 0.6375, 0.39375, 0.44999999999999996]
Precision: [0.6361111111111111, 0.5499999999999999, 0.6435185185185185, 0.6710978835978836, 0.3983918128654971, 0.5350529100529101, 0.5707799145299145, 0.7835775335775336, 0.47480936819172115, 0.5810846560846561]
Recall: [0.5, 0.5, 0.5, 0.5, 0.3333333333333333, 0.5, 0.5555555555555556, 0.6388888888888888, 0.4166666666666667, 0.4722222222222222]
F1 Score: [0.4999582289055973, 0.4837962962962962, 0.49869929453262785, 0.4953924162257495, 0.30005306690089295, 0.4793128654970761, 0.5138040971374305, 0.6345999679333012, 0.40676607343274007, 0.47190893901420217]
AUROC: [0.8134800627240143, 0.8478662634408604, 0.817050291218638, 0.8349014336917563, 0.7805219534050178, 0.8085237455197133, 0.8688676075268817, 0.8808663754480287, 0.8380796370967742, 0.8347474238351255]
------------------------------------------------
