Classifier Results
------------------------------------------------
Dataset: Harry_gym_movements_gz
Classifier: KNeighborsClassifier()
------------------------------------------------
Summary Stats
------------------------------------------------
Mean Train time: 0.00019986629486083983, Standard Deviation: 0.0002447854605204206
Mean Accuracy: 0.6944444444444444, Standard Deviation: 0.048112522432468816
Mean Balanced Accuracy: 0.6918749999999999, Standard Deviation: 0.040893344507388976
Mean Precision: 0.699401455026455, Standard Deviation: 0.052319648340410675
Mean Recall: 0.6944444444444444, Standard Deviation: 0.048112522432468816
Mean F1 Score: 0.6793965139798473, Standard Deviation: 0.047699073950018184
Mean AUROC: 0.9275957661290322, Standard Deviation: 0.019102407392715997
Confusion Matrix:
 [[15  6 11  2  6  4  0  1]
 [ 0 38  0  0  0  1  3  3]
 [17  1 21  0  3  2  0  1]
 [ 2  3  0 39  0  0  0  1]
 [ 4  0  0  0 41  0  0  0]
 [ 1  0  3  0  0 41  0  0]
 [ 0  1  0  0  0  1 23 20]
 [ 0  1  0  0  0  1 11 32]]
------------------------------------------------
Fold Results
------------------------------------------------
Train time: [0.0, 0.0, 0.0005002021789550781, 0.0004992485046386719, 0.0, 0.0005002021789550781, 0.0, 0.0, 0.0004990100860595703, 0.0]
Accuracy: [0.6111111111111112, 0.7222222222222222, 0.6388888888888888, 0.6388888888888888, 0.6944444444444444, 0.75, 0.6944444444444444, 0.75, 0.75, 0.6944444444444444]
Balanced Accuracy: [0.6187499999999999, 0.7437499999999999, 0.6625, 0.64375, 0.7, 0.725, 0.66875, 0.74375, 0.725, 0.6875]
Precision: [0.5900132275132275, 0.7162037037037037, 0.6921296296296295, 0.6736111111111112, 0.6884259259259259, 0.7858796296296297, 0.6527777777777778, 0.7622354497354498, 0.7238095238095238, 0.7089285714285715]
Recall: [0.6111111111111112, 0.7222222222222222, 0.6388888888888888, 0.6388888888888888, 0.6944444444444444, 0.75, 0.6944444444444444, 0.75, 0.75, 0.6944444444444444]
F1 Score: [0.5843755010421677, 0.7037678371011703, 0.6284471701138368, 0.6489498156164824, 0.6729320062653396, 0.7343348010014678, 0.6695526695526696, 0.7483966650633316, 0.7203383036716369, 0.6828703703703703]
AUROC: [0.9395301299283155, 0.9325016801075269, 0.8995015681003584, 0.9288474462365591, 0.8869847670250897, 0.947286626344086, 0.9416162634408602, 0.9359739023297491, 0.9451164874551972, 0.9185987903225806]
------------------------------------------------
