Classifier Results
------------------------------------------------
Dataset: Harry_gym_movements_ax
Classifier: KNeighborsClassifier()
------------------------------------------------
Summary Stats
------------------------------------------------
Mean Train time: 0.00029997825622558595, Standard Deviation: 0.000244931452639849
Mean Accuracy: 0.6666666666666667, Standard Deviation: 0.06334307917217433
Mean Balanced Accuracy: 0.67125, Standard Deviation: 0.06356591067545563
Mean Precision: 0.7542404740321407, Standard Deviation: 0.08651302859206167
Mean Recall: 0.6666666666666667, Standard Deviation: 0.06334307917217433
Mean F1 Score: 0.6623440634347497, Standard Deviation: 0.0708338730503513
Mean AUROC: 0.9117845542114695, Standard Deviation: 0.02383629757481822
Confusion Matrix:
 [[22  1  7  1  3  3  0  8]
 [ 0 25  0  1  1  0  2 16]
 [10  0 29  0  0  0  0  6]
 [ 2  0  0 41  0  1  0  1]
 [ 3  1  0  3 30  0  0  8]
 [ 3  1  0  3  0 34  0  4]
 [ 4  6  0  0  0  2 17 16]
 [ 0  0  0  0  0  0  3 42]]
------------------------------------------------
Fold Results
------------------------------------------------
Train time: [0.0, 0.0004992485046386719, 0.0005002021789550781, 0.0, 0.0005002021789550781, 0.0004994869232177734, 0.0005004405975341797, 0.0, 0.0005002021789550781, 0.0]
Accuracy: [0.6111111111111112, 0.7777777777777778, 0.5833333333333334, 0.6388888888888888, 0.6666666666666666, 0.6388888888888888, 0.6666666666666666, 0.6111111111111112, 0.7777777777777778, 0.6944444444444444]
Balanced Accuracy: [0.6187499999999999, 0.8, 0.60625, 0.66875, 0.675, 0.625, 0.65, 0.6062500000000001, 0.76875, 0.6937500000000001]
Precision: [0.6330687830687831, 0.8945707070707071, 0.7054843304843305, 0.8413308913308913, 0.7848324514991182, 0.6790123456790123, 0.7913817663817664, 0.6192680776014109, 0.8155092592592593, 0.7779461279461279]
Recall: [0.6111111111111112, 0.7777777777777778, 0.5833333333333334, 0.6388888888888888, 0.6666666666666666, 0.6388888888888888, 0.6666666666666666, 0.6111111111111112, 0.7777777777777778, 0.6944444444444444]
F1 Score: [0.6126543209876544, 0.7921737213403879, 0.5803960473078119, 0.6219524846975827, 0.6773427190093857, 0.6119769119769121, 0.6625501042167709, 0.5892857142857143, 0.7768612560279227, 0.6982473544973545]
AUROC: [0.9056479614695342, 0.9339297715053763, 0.8712897625448028, 0.8922211021505375, 0.9392921146953405, 0.9106462813620071, 0.9074820788530467, 0.9020217293906809, 0.9572832661290323, 0.8980314740143369]
------------------------------------------------
