Classifier Results
------------------------------------------------
Dataset: Harry_gym_movements_gy
Classifier: KNeighborsClassifier()
------------------------------------------------
Summary Stats
------------------------------------------------
Mean Train time: 0.00015006065368652343, Standard Deviation: 0.0002292214595828223
Mean Accuracy: 0.3027777777777778, Standard Deviation: 0.0626695231815471
Mean Balanced Accuracy: 0.304375, Standard Deviation: 0.06174860828391196
Mean Precision: 0.39357097771036387, Standard Deviation: 0.08809635443722993
Mean Recall: 0.3027777777777778, Standard Deviation: 0.0626695231815471
Mean F1 Score: 0.27849473022365745, Standard Deviation: 0.05757096767009846
Mean AUROC: 0.6767767137096774, Standard Deviation: 0.04438563814156901
Confusion Matrix:
 [[ 9  0  1  4  1  4  0 26]
 [ 4  0  0  0  1  2  0 38]
 [12  0 19  0  2  2  2  8]
 [ 8  1  0  3  1  2  1 29]
 [11  0  0  0  6  2  2 24]
 [ 7  0  0  1  0 19  2 16]
 [ 7  1  1  1  4  0 15 16]
 [ 3  3  0  1  0  0  0 38]]
------------------------------------------------
Fold Results
------------------------------------------------
Train time: [0.0004999637603759766, 0.0005004405975341797, 0.0, 0.0, 0.0005002021789550781, 0.0, 0.0, 0.0, 0.0, 0.0]
Accuracy: [0.3055555555555556, 0.3611111111111111, 0.25, 0.2777777777777778, 0.3611111111111111, 0.3611111111111111, 0.16666666666666666, 0.25, 0.3333333333333333, 0.3611111111111111]
Balanced Accuracy: [0.30625, 0.36875, 0.25625, 0.29375, 0.35625000000000007, 0.3625, 0.16875, 0.24375, 0.33125, 0.35624999999999996]
Precision: [0.4497354497354497, 0.345568783068783, 0.3544372294372294, 0.46222222222222226, 0.5748792270531401, 0.3627723311546841, 0.3404139433551198, 0.2246376811594203, 0.4190821256038647, 0.4019607843137255]
Recall: [0.3055555555555556, 0.3611111111111111, 0.25, 0.2777777777777778, 0.3611111111111111, 0.3611111111111111, 0.16666666666666666, 0.25, 0.3333333333333333, 0.3611111111111111]
F1 Score: [0.3052348885682219, 0.31558641975308643, 0.24191086691086688, 0.26742382776865536, 0.35977366255144033, 0.3318101651434984, 0.1794853294853295, 0.1818783068783069, 0.301058201058201, 0.30078563411896747]
AUROC: [0.6358926971326164, 0.7605986783154122, 0.6480034722222222, 0.6695788530465949, 0.6877240143369175, 0.6325324820788532, 0.6070368503584229, 0.7005208333333334, 0.714199708781362, 0.7116795474910395]
------------------------------------------------
