Classifier Results
------------------------------------------------
Dataset: gym movements gyro
Classifier: Naive Bayes
------------------------------------------------
Train time: 0.0015001296997070312
Accuracy: 0.5597826086956522
Balanced Accuracy: 0.5597826086956521
Precision: 0.6037755652500234
Recall: 0.5597826086956521
F1 Score: 0.5732464796028324
AUROC: 0.8640966783688901
Confusion Matrix:
 [[10  0  7  4  1  0  0  1]
 [ 1 15  2  0  1  0  0  4]
 [ 4  0 12  1  3  3  0  0]
 [ 6  0  5 12  0  0  0  0]
 [ 0  0 11  0 12  0  0  0]
 [ 0  0  4  0  0 18  0  1]
 [ 0  1  1  0  0  1 15  5]
 [ 4  3  0  0  1  0  6  9]]
------------------------------------------------
