Classifier Results
------------------------------------------------
Dataset: gym movements
Classifier: Naive Bayes
------------------------------------------------
Train time: 0.0015003681182861328
Accuracy: 0.6793478260869565
Balanced Accuracy: 0.6793478260869565
Precision: 0.7247468946553615
Recall: 0.6793478260869565
F1 Score: 0.6936301378741028
AUROC: 0.9216176073453957
Confusion Matrix:
 [[13  1  3  0  4  0  0  2]
 [ 0 17  0  3  1  0  0  2]
 [ 8  0 14  0  1  0  0  0]
 [ 3  0  0 18  2  0  0  0]
 [ 8  0  2  0 13  0  0  0]
 [ 0  0  0  4  0 19  0  0]
 [ 0  1  0  0  0  0 17  5]
 [ 5  0  0  3  0  0  1 14]]
------------------------------------------------
