Classifier Results
------------------------------------------------
Dataset: gym movements ax
Classifier: Naive Bayes
------------------------------------------------
Train time: 0.0010001659393310547
Accuracy: 0.4673913043478261
Balanced Accuracy: 0.46739130434782605
Precision: 0.48962993421052625
Recall: 0.46739130434782605
F1 Score: 0.4742899651327621
AUROC: 0.8268633540372671
Confusion Matrix:
 [[ 6  1  3  0  6  0  0  7]
 [ 1  8  0  4  0  1  3  6]
 [ 6  0 14  0  2  0  0  1]
 [ 0  4  0 15  1  2  0  1]
 [ 4  1  0  1  8  3  1  5]
 [ 1  5  0  4  0 11  0  2]
 [ 1  2  0  1  1  2 15  1]
 [ 5  4  2  2  0  0  1  9]]
------------------------------------------------
