Classifier Results
------------------------------------------------
Dataset: Harry_gym_movements_gz
Classifier: KNeighborsTimeSeriesClassifier()
------------------------------------------------
Summary Stats
------------------------------------------------
Mean Train time: 0.004900979995727539, Standard Deviation: 0.0004359732568088551
Mean Accuracy: 0.9083333333333334, Standard Deviation: 0.035246048723470876
Mean Balanced Accuracy: 0.9075, Standard Deviation: 0.03830388361511141
Mean Precision: 0.924702380952381, Standard Deviation: 0.03129772258218637
Mean Recall: 0.9083333333333334, Standard Deviation: 0.035246048723470876
Mean F1 Score: 0.9039462081128748, Standard Deviation: 0.0400662726468422
Mean AUROC: 0.9475806451612904, Standard Deviation: 0.02038310439994818
Confusion Matrix:
 [[33  0  6  3  1  2  0  0]
 [ 0 44  0  0  0  1  0  0]
 [ 1  0 42  0  2  0  0  0]
 [ 0  0  0 45  0  0  0  0]
 [ 0  0  0  0 45  0  0  0]
 [ 2  0  0  0  0 43  0  0]
 [ 0  1  0  0  0  0 41  3]
 [ 1  2  0  0  0  0  8 34]]
------------------------------------------------
Fold Results
------------------------------------------------
Train time: [0.005001068115234375, 0.00600123405456543, 0.004500389099121094, 0.0050008296966552734, 0.0045013427734375, 0.004500865936279297, 0.0045011043548583984, 0.005000591278076172, 0.0050013065338134766, 0.005001068115234375]
Accuracy: [0.9444444444444444, 0.9722222222222222, 0.9166666666666666, 0.8888888888888888, 0.8611111111111112, 0.8611111111111112, 0.9166666666666666, 0.8888888888888888, 0.9444444444444444, 0.8888888888888888]
Balanced Accuracy: [0.95, 0.975, 0.91875, 0.8875, 0.85625, 0.85625, 0.91875, 0.88125, 0.94375, 0.8875]
Precision: [0.9546296296296296, 0.9777777777777779, 0.9314814814814815, 0.9206349206349205, 0.8842592592592593, 0.8689814814814816, 0.9277777777777777, 0.9083333333333334, 0.9555555555555555, 0.9175925925925925]
Recall: [0.9444444444444444, 0.9722222222222222, 0.9166666666666666, 0.8888888888888888, 0.8611111111111112, 0.8611111111111112, 0.9166666666666666, 0.8888888888888888, 0.9444444444444444, 0.8888888888888888]
F1 Score: [0.9441638608305275, 0.9722222222222222, 0.9184704184704187, 0.8819444444444444, 0.842929292929293, 0.8512906846240179, 0.9166666666666666, 0.8814333814333813, 0.9440035273368608, 0.8863375821709155]
AUROC: [0.9682459677419355, 0.984375, 0.9521169354838711, 0.935483870967742, 0.9203629032258065, 0.9203629032258066, 0.953125, 0.9359879032258066, 0.96875, 0.9369959677419355]
------------------------------------------------
