Classifier Results
------------------------------------------------
Dataset: Harry_gym_movements_ax
Classifier: KNeighborsTimeSeriesClassifier()
------------------------------------------------
Summary Stats
------------------------------------------------
Mean Train time: 0.005051255226135254, Standard Deviation: 0.0002688941400674664
Mean Accuracy: 0.7638888888888888, Standard Deviation: 0.045218946100276984
Mean Balanced Accuracy: 0.7625, Standard Deviation: 0.046687123492457745
Mean Precision: 0.8009854497354498, Standard Deviation: 0.039707174464419924
Mean Recall: 0.7638888888888888, Standard Deviation: 0.045218946100276984
Mean F1 Score: 0.7614648777148776, Standard Deviation: 0.04430124025365469
Mean AUROC: 0.8650201612903226, Standard Deviation: 0.02615806021485451
Confusion Matrix:
 [[23  1 14  2  5  0  0  0]
 [ 4 32  0  0  2  2  5  0]
 [ 9  0 34  0  2  0  0  0]
 [ 0  0  0 43  0  2  0  0]
 [ 1  0  7  0 35  2  0  0]
 [ 0  0  0  3  1 41  0  0]
 [ 1  3  0  0  3  2 35  1]
 [ 2  5  2  0  0  1  3 32]]
------------------------------------------------
Fold Results
------------------------------------------------
Train time: [0.0050013065338134766, 0.005499839782714844, 0.0045015811920166016, 0.005001544952392578, 0.00500035285949707, 0.0055010318756103516, 0.0050008296966552734, 0.00500178337097168, 0.005002498626708984, 0.00500178337097168]
Accuracy: [0.7777777777777778, 0.8055555555555556, 0.7777777777777778, 0.6944444444444444, 0.75, 0.8333333333333334, 0.6944444444444444, 0.7222222222222222, 0.7777777777777778, 0.8055555555555556]
Balanced Accuracy: [0.78125, 0.8187500000000001, 0.78125, 0.7000000000000001, 0.75, 0.825, 0.68125, 0.71875, 0.76875, 0.8]
Precision: [0.8094576719576719, 0.8212962962962962, 0.7964285714285714, 0.7407407407407407, 0.7885802469135803, 0.8490740740740742, 0.7268518518518519, 0.7980599647266313, 0.8214285714285714, 0.857936507936508]
Recall: [0.7777777777777778, 0.8055555555555556, 0.7777777777777778, 0.6944444444444444, 0.75, 0.8333333333333334, 0.6944444444444444, 0.7222222222222222, 0.7777777777777778, 0.8055555555555556]
F1 Score: [0.7817861151194484, 0.801410934744268, 0.775352733686067, 0.6955229955229955, 0.745971620971621, 0.8322811447811448, 0.6898649190315856, 0.7237754529421196, 0.7736772486772487, 0.7950056116722783]
AUROC: [0.8714717741935485, 0.8891129032258066, 0.8724798387096775, 0.824092741935484, 0.8553427419354839, 0.9057459677419355, 0.827116935483871, 0.8407258064516129, 0.873991935483871, 0.8901209677419355]
------------------------------------------------
