Classifier Results
------------------------------------------------
Dataset: Harry_gym_movements_gy
Classifier: KNeighborsTimeSeriesClassifier()
------------------------------------------------
Summary Stats
------------------------------------------------
Mean Train time: 0.005051040649414062, Standard Deviation: 0.00035028593954708535
Mean Accuracy: 0.525, Standard Deviation: 0.06266952318154712
Mean Balanced Accuracy: 0.5224999999999999, Standard Deviation: 0.05950315117705955
Mean Precision: 0.547802028218695, Standard Deviation: 0.07504822166533023
Mean Recall: 0.525, Standard Deviation: 0.06266952318154712
Mean F1 Score: 0.5114439881106548, Standard Deviation: 0.06091395845434317
Mean AUROC: 0.7289314516129033, Standard Deviation: 0.035033541559613385
Confusion Matrix:
 [[19  2  7  5  6  2  1  3]
 [ 9 16  5  2  3  5  2  3]
 [ 5  0 35  0  2  0  1  2]
 [13  2  2 17  5  1  3  2]
 [ 9  3  7  2 19  1  3  1]
 [ 4  4  0  4  2 22  7  2]
 [ 1  3  4  0  1  3 32  1]
 [ 4  2  1  6  0  1  2 29]]
------------------------------------------------
Fold Results
------------------------------------------------
Train time: [0.005503416061401367, 0.00550079345703125, 0.0055010318756103516, 0.0049991607666015625, 0.0045013427734375, 0.00500178337097168, 0.005000591278076172, 0.0050008296966552734, 0.004500865936279297, 0.005000591278076172]
Accuracy: [0.5555555555555556, 0.6111111111111112, 0.5277777777777778, 0.5277777777777778, 0.5277777777777778, 0.5833333333333334, 0.4166666666666667, 0.4166666666666667, 0.5833333333333334, 0.5]
Balanced Accuracy: [0.54375, 0.6000000000000001, 0.51875, 0.5125, 0.53125, 0.59375, 0.41874999999999996, 0.41875, 0.5687500000000001, 0.51875]
Precision: [0.5633597883597883, 0.6481481481481481, 0.521031746031746, 0.43551587301587297, 0.5025132275132276, 0.6888227513227513, 0.5031746031746032, 0.5632716049382717, 0.5876322751322751, 0.4645502645502645]
Recall: [0.5555555555555556, 0.6111111111111112, 0.5277777777777778, 0.5277777777777778, 0.5277777777777778, 0.5833333333333334, 0.4166666666666667, 0.4166666666666667, 0.5833333333333334, 0.5]
F1 Score: [0.5442019400352733, 0.610930735930736, 0.49242424242424243, 0.4710998877665544, 0.4947089947089947, 0.5897065897065897, 0.4291686708353375, 0.44228379645046306, 0.5749238415905081, 0.46499118165784836]
AUROC: [0.745967741935484, 0.7757056451612905, 0.7288306451612904, 0.7293346774193549, 0.730342741935484, 0.7641129032258065, 0.6693548387096775, 0.6683467741935485, 0.762600806451613, 0.7147177419354839]
------------------------------------------------
