Classifier Results
------------------------------------------------
Dataset: Harry_gym_movements_ay
Classifier: KNeighborsTimeSeriesClassifier()
------------------------------------------------
Summary Stats
------------------------------------------------
Mean Train time: 0.004951047897338867, Standard Deviation: 0.00026936785564547294
Mean Accuracy: 0.8527777777777779, Standard Deviation: 0.05562495665139105
Mean Balanced Accuracy: 0.85375, Standard Deviation: 0.058309518948452994
Mean Precision: 0.8707208994708994, Standard Deviation: 0.05460415592331144
Mean Recall: 0.8527777777777779, Standard Deviation: 0.05562495665139105
Mean F1 Score: 0.8470098574265241, Standard Deviation: 0.06095483361886333
Mean AUROC: 0.9159274193548388, Standard Deviation: 0.031864088591695136
Confusion Matrix:
 [[22  1 13  3  4  2  0  0]
 [ 1 42  0  1  0  0  1  0]
 [ 2  0 39  1  3  0  0  0]
 [ 0  2  2 40  0  0  0  1]
 [ 0  0  3  0 42  0  0  0]
 [ 0  0  0  0  0 45  0  0]
 [ 4  2  0  1  0  0 38  0]
 [ 0  2  0  2  1  0  1 39]]
------------------------------------------------
Fold Results
------------------------------------------------
Train time: [0.005501508712768555, 0.004499673843383789, 0.005001068115234375, 0.004502296447753906, 0.0050008296966552734, 0.0050008296966552734, 0.005001068115234375, 0.0050008296966552734, 0.005001544952392578, 0.0050008296966552734]
Accuracy: [0.8888888888888888, 0.9166666666666666, 0.8888888888888888, 0.8055555555555556, 0.8611111111111112, 0.8888888888888888, 0.7777777777777778, 0.8333333333333334, 0.9166666666666666, 0.75]
Balanced Accuracy: [0.89375, 0.91875, 0.9, 0.8250000000000001, 0.86875, 0.88125, 0.75625, 0.83125, 0.9125, 0.75]
Precision: [0.9033730158730159, 0.9314814814814815, 0.93015873015873, 0.8062499999999999, 0.8854166666666666, 0.8944444444444445, 0.7851851851851852, 0.8458994708994709, 0.9277777777777777, 0.7972222222222222]
Recall: [0.8888888888888888, 0.9166666666666666, 0.8888888888888888, 0.8055555555555556, 0.8611111111111112, 0.8888888888888888, 0.7777777777777778, 0.8333333333333334, 0.9166666666666666, 0.75]
F1 Score: [0.8869047619047619, 0.9118065576398909, 0.8917648709315374, 0.7815510107176774, 0.8625695292361959, 0.8884479717813051, 0.7745711079044413, 0.820496632996633, 0.916225749559083, 0.7357603815937149]
AUROC: [0.9359879032258066, 0.9521169354838711, 0.9375, 0.8881048387096775, 0.9193548387096775, 0.9369959677419355, 0.873991935483871, 0.9052419354838711, 0.953125, 0.8568548387096775]
------------------------------------------------
