Classifier Results
------------------------------------------------
Dataset: Harry_gym_movements
Classifier: KNeighborsTimeSeriesClassifier()
------------------------------------------------
Summary Stats
------------------------------------------------
Mean Train time: 0.005450773239135742, Standard Deviation: 0.0005582217850470422
Mean Accuracy: 0.9777777777777776, Standard Deviation: 0.024216105241892643
Mean Balanced Accuracy: 0.97625, Standard Deviation: 0.02633913438213185
Mean Precision: 0.9824999999999999, Standard Deviation: 0.019041008736866358
Mean Recall: 0.9777777777777776, Standard Deviation: 0.024216105241892643
Mean F1 Score: 0.976561648228315, Standard Deviation: 0.02584650664114185
Mean AUROC: 0.9872479838709678, Standard Deviation: 0.013913572890110476
Confusion Matrix:
 [[41  0  4  0  0  0  0  0]
 [ 0 45  0  0  0  0  0  0]
 [ 0  0 45  0  0  0  0  0]
 [ 0  0  0 45  0  0  0  0]
 [ 0  0  0  0 45  0  0  0]
 [ 0  0  0  0  0 45  0  0]
 [ 0  0  0  0  0  0 45  0]
 [ 0  1  1  0  0  0  2 41]]
------------------------------------------------
Fold Results
------------------------------------------------
Train time: [0.005508899688720703, 0.005002498626708984, 0.0055005550384521484, 0.0050013065338134766, 0.005501508712768555, 0.00550079345703125, 0.006970405578613281, 0.005017518997192383, 0.005503416061401367, 0.0050008296966552734]
Accuracy: [1.0, 1.0, 0.9444444444444444, 1.0, 0.9444444444444444, 0.9444444444444444, 1.0, 1.0, 0.9722222222222222, 0.9722222222222222]
Balanced Accuracy: [1.0, 1.0, 0.94375, 1.0, 0.9375, 0.9375, 1.0, 1.0, 0.975, 0.96875]
Precision: [1.0, 1.0, 0.9537037037037037, 1.0, 0.9537037037037037, 0.9629629629629629, 1.0, 1.0, 0.976851851851852, 0.9777777777777779]
Recall: [1.0, 1.0, 0.9444444444444444, 1.0, 0.9444444444444444, 0.9444444444444444, 1.0, 1.0, 0.9722222222222222, 0.9722222222222222]
F1 Score: [1.0, 1.0, 0.9434423601090268, 1.0, 0.9377104377104377, 0.9407407407407408, 1.0, 1.0, 0.9719416386083053, 0.9717813051146386]
AUROC: [1.0, 1.0, 0.9677419354838711, 1.0, 0.9677419354838711, 0.96875, 1.0, 1.0, 0.9838709677419355, 0.984375]
------------------------------------------------
