Classifier Results
------------------------------------------------
Dataset: Harry_gym_movements_gx
Classifier: KNeighborsTimeSeriesClassifier()
------------------------------------------------
Summary Stats
------------------------------------------------
Mean Train time: 0.005000519752502442, Standard Deviation: 0.0005918077823535311
Mean Accuracy: 0.6944444444444444, Standard Deviation: 0.06334307917217433
Mean Balanced Accuracy: 0.695625, Standard Deviation: 0.06650011748109927
Mean Precision: 0.7304963323713324, Standard Deviation: 0.07839275896857417
Mean Recall: 0.6944444444444444, Standard Deviation: 0.06334307917217433
Mean F1 Score: 0.6860831375414709, Standard Deviation: 0.07298956777737363
Mean AUROC: 0.8257056451612904, Standard Deviation: 0.03683700025340144
Confusion Matrix:
 [[17  4 14  4  1  2  3  0]
 [ 1 31  1  2  8  0  0  2]
 [ 4  4 30  3  1  3  0  0]
 [ 4  0  5 27  4  0  4  1]
 [ 2  4  1  3 33  1  1  0]
 [ 0  2  2  0  0 41  0  0]
 [ 1  1  1  0  1  0 39  2]
 [ 4  1  0  1  0  2  5 32]]
------------------------------------------------
Fold Results
------------------------------------------------
Train time: [0.005999326705932617, 0.006002187728881836, 0.005500316619873047, 0.005000591278076172, 0.004498481750488281, 0.004500627517700195, 0.00500178337097168, 0.0045013427734375, 0.004500389099121094, 0.004500150680541992]
Accuracy: [0.8333333333333334, 0.6666666666666666, 0.6666666666666666, 0.6666666666666666, 0.6111111111111112, 0.6111111111111112, 0.6944444444444444, 0.7222222222222222, 0.7222222222222222, 0.75]
Balanced Accuracy: [0.83125, 0.6812499999999999, 0.675, 0.68125, 0.6, 0.59375, 0.6875, 0.7250000000000001, 0.7250000000000001, 0.7562500000000001]
Precision: [0.8788359788359787, 0.6731481481481482, 0.7476190476190475, 0.6206018518518519, 0.6797979797979798, 0.6342592592592592, 0.7029100529100529, 0.7991402116402117, 0.7657407407407407, 0.8029100529100529]
Recall: [0.8333333333333334, 0.6666666666666666, 0.6666666666666666, 0.6666666666666666, 0.6111111111111112, 0.6111111111111112, 0.6944444444444444, 0.7222222222222222, 0.7222222222222222, 0.75]
F1 Score: [0.8356922398589064, 0.6599046015712682, 0.6531084656084656, 0.62752849002849, 0.5773902794736129, 0.6102716727716727, 0.6843534551867885, 0.7343795093795094, 0.7298360590027256, 0.7483666025332691]
AUROC: [0.9052419354838711, 0.8094758064516129, 0.8094758064516129, 0.8099798387096775, 0.7752016129032258, 0.7782258064516129, 0.8256048387096775, 0.8432459677419355, 0.841733870967742, 0.8588709677419355]
------------------------------------------------
