Classifier Results
------------------------------------------------
Dataset: Harry_gym_movements_az
Classifier: KNeighborsTimeSeriesClassifier()
------------------------------------------------
Summary Stats
------------------------------------------------
Mean Train time: 0.005002546310424805, Standard Deviation: 0.0003892890908207119
Mean Accuracy: 0.5472222222222223, Standard Deviation: 0.0542200591553976
Mean Balanced Accuracy: 0.544375, Standard Deviation: 0.05277087856952923
Mean Precision: 0.5554563492063492, Standard Deviation: 0.07036558393635549
Mean Recall: 0.5472222222222223, Standard Deviation: 0.0542200591553976
Mean F1 Score: 0.5312911153842526, Standard Deviation: 0.05966053951599141
Mean AUROC: 0.7413306451612904, Standard Deviation: 0.03132697335979867
Confusion Matrix:
 [[14  5  8  4  6  0  2  6]
 [ 1 16  8  3  4  4  9  0]
 [ 9  5 20  3  3  2  2  1]
 [ 4  3  2 24  9  2  0  1]
 [ 7  7 11  3 14  1  1  1]
 [ 0  0  0  1  2 38  4  0]
 [ 0  0  1  0  0  0 44  0]
 [ 3  2  2  6  1  4  0 27]]
------------------------------------------------
Fold Results
------------------------------------------------
Train time: [0.004500627517700195, 0.004500865936279297, 0.0055010318756103516, 0.005515098571777344, 0.005003213882446289, 0.0050008296966552734, 0.0050008296966552734, 0.005501270294189453, 0.005001068115234375, 0.004500627517700195]
Accuracy: [0.6388888888888888, 0.5555555555555556, 0.4722222222222222, 0.4444444444444444, 0.5277777777777778, 0.5833333333333334, 0.5833333333333334, 0.5277777777777778, 0.5555555555555556, 0.5833333333333334]
Balanced Accuracy: [0.6375, 0.5625, 0.48125, 0.44375, 0.51875, 0.5687500000000001, 0.5875, 0.51875, 0.55, 0.575]
Precision: [0.6683862433862433, 0.5504629629629629, 0.49007936507936506, 0.41633597883597884, 0.5601851851851852, 0.5972222222222222, 0.6166666666666667, 0.48594576719576715, 0.5616402116402116, 0.6076388888888888]
Recall: [0.6388888888888888, 0.5555555555555556, 0.4722222222222222, 0.4444444444444444, 0.5277777777777778, 0.5833333333333334, 0.5833333333333334, 0.5277777777777778, 0.5555555555555556, 0.5833333333333334]
F1 Score: [0.615432098765432, 0.544340227673561, 0.449074074074074, 0.4225851309184643, 0.5067896518876911, 0.5864197530864197, 0.5779621612954947, 0.4909966576633243, 0.5407247073913741, 0.578586691086691]
AUROC: [0.7928427419354839, 0.7459677419354839, 0.6985887096774194, 0.6809475806451614, 0.7283266129032258, 0.763608870967742, 0.7626008064516129, 0.7313508064516129, 0.7474798387096775, 0.7615927419354839]
------------------------------------------------
