Classifier Results
------------------------------------------------
Dataset: Harry_gym_movements_gy
Classifier: RandomForestClassifier()
------------------------------------------------
Summary Stats
------------------------------------------------
Mean Train time: 0.2188339948654175, Standard Deviation: 0.006696893440555111
Mean Accuracy: 0.39166666666666666, Standard Deviation: 0.07900812585182163
Mean Balanced Accuracy: 0.39249999999999996, Standard Deviation: 0.08061288668693115
Mean Precision: 0.42507716049382716, Standard Deviation: 0.07572563160482051
Mean Recall: 0.39166666666666666, Standard Deviation: 0.07900812585182163
Mean F1 Score: 0.3836022927689594, Standard Deviation: 0.07885189707123609
Mean AUROC: 0.7540000560035842, Standard Deviation: 0.03598642938125894
Confusion Matrix:
 [[ 9  6  4  4  3 10  3  6]
 [ 6 18  2  5  2  2  4  6]
 [ 4  1 25  2  3  4  2  4]
 [12  7  0 10  1  4  2  9]
 [ 8  2  1  2 16  6  3  7]
 [ 5  3  0  4  2 27  1  3]
 [ 6  4  6  0  6  6 14  3]
 [ 7  5  2  5  2  2  0 22]]
------------------------------------------------
Fold Results
------------------------------------------------
Train time: [0.2145373821258545, 0.21603775024414062, 0.21173477172851562, 0.23230433464050293, 0.21903729438781738, 0.23003864288330078, 0.21603751182556152, 0.2210397720336914, 0.21303653717041016, 0.21453595161437988]
Accuracy: [0.3333333333333333, 0.5, 0.3333333333333333, 0.3611111111111111, 0.4722222222222222, 0.3611111111111111, 0.5277777777777778, 0.2777777777777778, 0.4166666666666667, 0.3333333333333333]
Balanced Accuracy: [0.3375, 0.50625, 0.3375, 0.36875, 0.475, 0.35624999999999996, 0.525, 0.26875000000000004, 0.41875, 0.33125]
Precision: [0.3906084656084656, 0.5532407407407407, 0.287037037037037, 0.41446208112874783, 0.4750661375661375, 0.4266534391534391, 0.5046296296296295, 0.3402777777777778, 0.4768518518518518, 0.3819444444444444]
Recall: [0.3333333333333333, 0.5, 0.3333333333333333, 0.3611111111111111, 0.4722222222222222, 0.3611111111111111, 0.5277777777777778, 0.2777777777777778, 0.4166666666666667, 0.3333333333333333]
F1 Score: [0.34147025813692483, 0.4963924963924964, 0.2977867811201145, 0.3395502645502646, 0.4597763347763348, 0.35102212602212607, 0.505752272418939, 0.27647537647537646, 0.43446368446368444, 0.3333333333333333]
AUROC: [0.7243643593189965, 0.8298191084229392, 0.7384352598566308, 0.7602206541218638, 0.7876344086021505, 0.7668850806451614, 0.78056395609319, 0.7186099910394266, 0.7189180107526882, 0.7145497311827956]
------------------------------------------------
