Classifier Results
------------------------------------------------
Dataset: Harry_gym_movements
Classifier: RandomForestClassifier()
------------------------------------------------
Summary Stats
------------------------------------------------
Mean Train time: 0.3286966562271118, Standard Deviation: 0.006474742884349202
Mean Accuracy: 0.8138888888888889, Standard Deviation: 0.041294635409218065
Mean Balanced Accuracy: 0.815625, Standard Deviation: 0.04323355901380318
Mean Precision: 0.8353571428571429, Standard Deviation: 0.034997900331745685
Mean Recall: 0.8138888888888889, Standard Deviation: 0.041294635409218065
Mean F1 Score: 0.8100420875420875, Standard Deviation: 0.041942320216632
Mean AUROC: 0.9707773297491039, Standard Deviation: 0.005837499961487428
Confusion Matrix:
 [[34  0  9  0  1  1  0  0]
 [ 0 41  0  0  0  0  0  4]
 [ 9  0 35  0  1  0  0  0]
 [ 0  2  0 40  1  0  2  0]
 [ 3  0  1  0 41  0  0  0]
 [ 0  0  0  0  0 43  0  2]
 [ 0  3  0  0  0  0 37  5]
 [ 1  4  6  0  0  0 12 22]]
------------------------------------------------
Fold Results
------------------------------------------------
Train time: [0.32324981689453125, 0.3450603485107422, 0.3310565948486328, 0.32855772972106934, 0.3340127468109131, 0.32405591011047363, 0.327056884765625, 0.3275573253631592, 0.32230329513549805, 0.32405591011047363]
Accuracy: [0.8333333333333334, 0.75, 0.8055555555555556, 0.8333333333333334, 0.8333333333333334, 0.75, 0.8333333333333334, 0.7777777777777778, 0.8888888888888888, 0.8333333333333334]
Balanced Accuracy: [0.8375, 0.7562500000000001, 0.8, 0.83125, 0.8375, 0.7437499999999999, 0.825, 0.78125, 0.89375, 0.8500000000000001]
Precision: [0.8518518518518519, 0.7900132275132274, 0.8157407407407408, 0.837962962962963, 0.8574074074074074, 0.7890211640211641, 0.8333333333333334, 0.824074074074074, 0.9175925925925925, 0.8365740740740741]
Recall: [0.8333333333333334, 0.75, 0.8055555555555556, 0.8333333333333334, 0.8333333333333334, 0.75, 0.8333333333333334, 0.7777777777777778, 0.8888888888888888, 0.8333333333333334]
F1 Score: [0.8316498316498316, 0.7397306397306397, 0.7969376302709636, 0.8326118326118326, 0.8373817540484207, 0.7416506333173, 0.8333333333333334, 0.7831729998396665, 0.877409010742344, 0.8265432098765432]
AUROC: [0.9633176523297491, 0.9726702508960573, 0.9662718413978494, 0.9751624103942653, 0.9679519489247311, 0.9722502240143369, 0.9838849686379929, 0.9643537186379929, 0.9678959453405018, 0.9740143369175627]
------------------------------------------------
