Classifier Results
------------------------------------------------
Dataset: Harry_gym_movements_gyro
Classifier: RandomForestClassifier()
------------------------------------------------
Summary Stats
------------------------------------------------
Mean Train time: 0.26321775913238527, Standard Deviation: 0.0018692455969300705
Mean Accuracy: 0.7583333333333333, Standard Deviation: 0.04976798018658035
Mean Balanced Accuracy: 0.76, Standard Deviation: 0.04769696007084728
Mean Precision: 0.7816402116402116, Standard Deviation: 0.059138872897764365
Mean Recall: 0.7583333333333333, Standard Deviation: 0.04976798018658035
Mean F1 Score: 0.7539023168189835, Standard Deviation: 0.04920676972284396
Mean AUROC: 0.9580295138888888, Standard Deviation: 0.014227667655884667
Confusion Matrix:
 [[22  1  6  5  6  3  0  2]
 [ 0 41  0  0  0  0  3  1]
 [ 6  0 32  2  4  1  0  0]
 [ 3  0  0 42  0  0  0  0]
 [ 5  2  1  0 37  0  0  0]
 [ 3  0  0  0  0 40  1  1]
 [ 1  2  0  0  0  0 34  8]
 [ 0  7  1  0  0  1 11 25]]
------------------------------------------------
Fold Results
------------------------------------------------
Train time: [0.2605454921722412, 0.26204609870910645, 0.26325321197509766, 0.2655460834503174, 0.26454591751098633, 0.2600564956665039, 0.2630455493927002, 0.2650461196899414, 0.2655465602874756, 0.2625460624694824]
Accuracy: [0.6944444444444444, 0.7777777777777778, 0.6666666666666666, 0.8055555555555556, 0.75, 0.8333333333333334, 0.8055555555555556, 0.7222222222222222, 0.7777777777777778, 0.75]
Balanced Accuracy: [0.70625, 0.7875000000000001, 0.675, 0.8125, 0.7562500000000001, 0.83125, 0.8, 0.7125, 0.76875, 0.75]
Precision: [0.6777777777777777, 0.8037037037037036, 0.6990740740740741, 0.834920634920635, 0.7564814814814815, 0.8714285714285714, 0.8477513227513227, 0.7529100529100529, 0.7936507936507936, 0.7787037037037037]
Recall: [0.6944444444444444, 0.7777777777777778, 0.6666666666666666, 0.8055555555555556, 0.75, 0.8333333333333334, 0.8055555555555556, 0.7222222222222222, 0.7777777777777778, 0.75]
F1 Score: [0.6799342632675965, 0.7699915824915825, 0.6679232804232804, 0.8112874779541447, 0.7487173320506654, 0.8185626102292769, 0.7970177970177971, 0.7193963443963445, 0.7767155683822351, 0.7494769119769119]
AUROC: [0.9449904793906809, 0.9745603718637992, 0.9287774417562724, 0.9679659498207884, 0.9561351926523298, 0.9524949596774194, 0.9773605510752689, 0.94900873655914, 0.9593273969534049, 0.9696740591397849]
------------------------------------------------
