Classifier Results
------------------------------------------------
Dataset: Harry_gym_movements_gz
Classifier: RandomForestClassifier()
------------------------------------------------
Summary Stats
------------------------------------------------
Mean Train time: 0.19995861053466796, Standard Deviation: 0.004096689978668125
Mean Accuracy: 0.7027777777777777, Standard Deviation: 0.06579288490181676
Mean Balanced Accuracy: 0.705625, Standard Deviation: 0.06308786036156241
Mean Precision: 0.6887698412698413, Standard Deviation: 0.0839240711911764
Mean Recall: 0.7027777777777777, Standard Deviation: 0.06579288490181676
Mean F1 Score: 0.6793527306027307, Standard Deviation: 0.06994654309130172
Mean AUROC: 0.9520049283154123, Standard Deviation: 0.008562048774135026
Confusion Matrix:
 [[18  1 10  5  6  5  0  0]
 [ 0 38  0  0  0  0  2  5]
 [ 8  0 32  0  4  1  0  0]
 [ 3  0  0 42  0  0  0  0]
 [ 1  0  2  0 42  0  0  0]
 [ 2  0  1  0  0 42  0  0]
 [ 0  1  0  0  0  1 29 14]
 [ 1 13  0  0  0  0 21 10]]
------------------------------------------------
Fold Results
------------------------------------------------
Train time: [0.19503402709960938, 0.1973104476928711, 0.19803428649902344, 0.20653891563415527, 0.20153522491455078, 0.20003461837768555, 0.19926762580871582, 0.19803428649902344, 0.19575977325439453, 0.2080368995666504]
Accuracy: [0.6388888888888888, 0.6666666666666666, 0.6944444444444444, 0.7222222222222222, 0.6666666666666666, 0.6944444444444444, 0.8611111111111112, 0.6666666666666666, 0.7777777777777778, 0.6388888888888888]
Balanced Accuracy: [0.6625, 0.675, 0.7, 0.71875, 0.6625000000000001, 0.6875, 0.8625, 0.66875, 0.7749999999999999, 0.64375]
Precision: [0.6397486772486771, 0.608994708994709, 0.6824074074074074, 0.7091600529100529, 0.6675925925925925, 0.6682870370370371, 0.8944444444444445, 0.6444444444444444, 0.7759259259259259, 0.5966931216931217]
Recall: [0.6388888888888888, 0.6666666666666666, 0.6944444444444444, 0.7222222222222222, 0.6666666666666666, 0.6944444444444444, 0.8611111111111112, 0.6666666666666666, 0.7777777777777778, 0.6388888888888888]
F1 Score: [0.622334455667789, 0.6206649831649832, 0.6818181818181819, 0.6899905649905649, 0.6622975789642456, 0.66327499660833, 0.8436187269520602, 0.6409010742344077, 0.76509139009139, 0.6035353535353535]
AUROC: [0.9457885304659498, 0.9614415322580645, 0.934923835125448, 0.9492467517921147, 0.9477486559139785, 0.9480706765232974, 0.9665658602150538, 0.9553791442652328, 0.9590053763440862, 0.951878920250896]
------------------------------------------------
