Classifier Results
------------------------------------------------
Dataset: Harry_gym_movements_accel
Classifier: RandomForestClassifier()
------------------------------------------------
Summary Stats
------------------------------------------------
Mean Train time: 0.2649372100830078, Standard Deviation: 0.005798644380979481
Mean Accuracy: 0.725, Standard Deviation: 0.05478634145365561
Mean Balanced Accuracy: 0.7274999999999999, Standard Deviation: 0.05024937810560445
Mean Precision: 0.7450683421516754, Standard Deviation: 0.07896858096263457
Mean Recall: 0.725, Standard Deviation: 0.05478634145365561
Mean F1 Score: 0.7123134889801557, Standard Deviation: 0.05885182211539219
Mean AUROC: 0.9493097558243727, Standard Deviation: 0.019659363321567917
Confusion Matrix:
 [[22  0 13  1  4  1  1  3]
 [ 0 35  0  3  1  1  1  4]
 [ 8  0 35  0  1  0  0  1]
 [ 3  3  0 37  0  1  0  1]
 [ 3  0  1  1 36  1  2  1]
 [ 0  0  0  1  0 43  0  1]
 [ 1  6  0  0  2  1 34  1]
 [ 4  7  4  5  1  4  1 19]]
------------------------------------------------
Fold Results
------------------------------------------------
Train time: [0.26604652404785156, 0.26204562187194824, 0.26224708557128906, 0.26654577255249023, 0.26004600524902344, 0.2630460262298584, 0.26154637336730957, 0.28125643730163574, 0.2650461196899414, 0.26154613494873047]
Accuracy: [0.6944444444444444, 0.75, 0.6388888888888888, 0.75, 0.75, 0.7777777777777778, 0.7777777777777778, 0.6111111111111112, 0.75, 0.75]
Balanced Accuracy: [0.7, 0.7562500000000001, 0.64375, 0.7625000000000001, 0.7437499999999999, 0.7625, 0.76875, 0.625, 0.75, 0.7625]
Precision: [0.693121693121693, 0.7973765432098765, 0.6504629629629629, 0.7837962962962963, 0.7969907407407407, 0.790873015873016, 0.8214285714285714, 0.5617724867724867, 0.7863425925925925, 0.7685185185185185]
Recall: [0.6944444444444444, 0.75, 0.6388888888888888, 0.75, 0.75, 0.7777777777777778, 0.7777777777777778, 0.6111111111111112, 0.75, 0.75]
F1 Score: [0.6822590989257655, 0.7333774250440916, 0.6371893538560206, 0.7443482443482443, 0.7286469703136369, 0.7694504569504569, 0.7712481962481962, 0.577689594356261, 0.7366275699609033, 0.7422979797979797]
AUROC: [0.9437864023297493, 0.9599294354838711, 0.9094142025089604, 0.9474546370967742, 0.9477766577060933, 0.9756104390681004, 0.9805247535842293, 0.9285814292114696, 0.9537130376344085, 0.9463065636200718]
------------------------------------------------
