Classifier Results
------------------------------------------------
Dataset: Harry_gym_movements_az
Classifier: RandomForestClassifier()
------------------------------------------------
Summary Stats
------------------------------------------------
Mean Train time: 0.2127295732498169, Standard Deviation: 0.005617252298015213
Mean Accuracy: 0.43611111111111117, Standard Deviation: 0.07354556830485404
Mean Balanced Accuracy: 0.43562500000000004, Standard Deviation: 0.0735298621309737
Mean Precision: 0.4633002645502645, Standard Deviation: 0.08180923102986021
Mean Recall: 0.43611111111111117, Standard Deviation: 0.07354556830485404
Mean F1 Score: 0.4288011063011063, Standard Deviation: 0.07087889897935637
Mean AUROC: 0.782132056451613, Standard Deviation: 0.03155617916912685
Confusion Matrix:
 [[ 8  3  9  3  7  5  2  8]
 [ 3 16  2  7  7  2  5  3]
 [ 5  3 19  7  3  4  1  3]
 [ 6  6  1 10 12  6  0  4]
 [ 8  7  0  8 19  1  1  1]
 [ 1  3  4  2  3 32  0  0]
 [ 2  4  1  0  1  1 35  1]
 [ 4  9  1  7  3  2  1 18]]
------------------------------------------------
Fold Results
------------------------------------------------
Train time: [0.22854018211364746, 0.21503710746765137, 0.21303725242614746, 0.21153616905212402, 0.2100369930267334, 0.21172738075256348, 0.2075362205505371, 0.21027135848999023, 0.2100367546081543, 0.20953631401062012]
Accuracy: [0.4166666666666667, 0.5, 0.4166666666666667, 0.3888888888888889, 0.6111111111111112, 0.4444444444444444, 0.3611111111111111, 0.4444444444444444, 0.3333333333333333, 0.4444444444444444]
Balanced Accuracy: [0.41250000000000003, 0.50625, 0.41250000000000003, 0.39375000000000004, 0.6000000000000001, 0.44999999999999996, 0.35625, 0.44375000000000003, 0.325, 0.45625000000000004]
Precision: [0.462037037037037, 0.4503968253968254, 0.4039682539682539, 0.3697089947089947, 0.6256613756613757, 0.528505291005291, 0.4513888888888889, 0.48425925925925917, 0.3263888888888889, 0.5306878306878307]
Recall: [0.4166666666666667, 0.5, 0.4166666666666667, 0.3888888888888889, 0.6111111111111112, 0.4444444444444444, 0.3611111111111111, 0.4444444444444444, 0.3333333333333333, 0.4444444444444444]
F1 Score: [0.43364197530864196, 0.4686147186147186, 0.40026455026455027, 0.37142255892255893, 0.6046957671957672, 0.4441358024691358, 0.388059163059163, 0.4231681898348565, 0.32091750841750843, 0.43309082892416223]
AUROC: [0.7535142249103942, 0.7840501792114696, 0.796790994623656, 0.7413194444444444, 0.8528365815412187, 0.7970430107526882, 0.7668850806451614, 0.7880404345878136, 0.743111559139785, 0.7977290546594982]
------------------------------------------------
