Classifier Results
------------------------------------------------
Dataset: Harry_gym_movements_gx
Classifier: RandomForestClassifier()
------------------------------------------------
Summary Stats
------------------------------------------------
Mean Train time: 0.20603554248809813, Standard Deviation: 0.0020982613922961605
Mean Accuracy: 0.5027777777777778, Standard Deviation: 0.08996741522612027
Mean Balanced Accuracy: 0.5000000000000001, Standard Deviation: 0.09206824914160149
Mean Precision: 0.5461556036556037, Standard Deviation: 0.1284410541573161
Mean Recall: 0.5027777777777778, Standard Deviation: 0.08996741522612027
Mean F1 Score: 0.49329688058854726, Standard Deviation: 0.10008580780540811
Mean AUROC: 0.8352556563620072, Standard Deviation: 0.04025426502709975
Confusion Matrix:
 [[14  4  6  6  2  3  7  3]
 [ 1 30  0  4  7  0  2  1]
 [ 5  7 22  0  3  3  3  2]
 [ 4  6  2 16  4  1  6  6]
 [ 0  9  0  5 28  0  1  2]
 [ 0  2  4  0  1 34  1  3]
 [ 4 10  2  4  2  2 17  4]
 [ 2  5  1  2  1  6  8 20]]
------------------------------------------------
Fold Results
------------------------------------------------
Train time: [0.21103715896606445, 0.20653629302978516, 0.2055354118347168, 0.2075357437133789, 0.20453667640686035, 0.20653557777404785, 0.20253419876098633, 0.20503449440002441, 0.2055351734161377, 0.2055346965789795]
Accuracy: [0.5555555555555556, 0.6944444444444444, 0.4166666666666667, 0.4444444444444444, 0.5277777777777778, 0.4722222222222222, 0.3888888888888889, 0.6111111111111112, 0.4722222222222222, 0.4444444444444444]
Balanced Accuracy: [0.55625, 0.6937500000000001, 0.43125, 0.45625, 0.51875, 0.44375000000000003, 0.38125000000000003, 0.61875, 0.46875, 0.43125]
Precision: [0.6226851851851851, 0.7901234567901234, 0.5310846560846562, 0.49166666666666664, 0.5921516754850088, 0.45370370370370366, 0.2896825396825397, 0.6706349206349206, 0.5401936026936026, 0.47962962962962963]
Recall: [0.5555555555555556, 0.6944444444444444, 0.4166666666666667, 0.4444444444444444, 0.5277777777777778, 0.4722222222222222, 0.3888888888888889, 0.6111111111111112, 0.4722222222222222, 0.4444444444444444]
F1 Score: [0.5651709401709402, 0.6801445468112135, 0.42757736091069426, 0.43617724867724866, 0.5277777777777778, 0.442831088664422, 0.32786195286195285, 0.6199074074074075, 0.48509399551066223, 0.4204264870931537]
AUROC: [0.8558187724014338, 0.8675375224014337, 0.7421174955197132, 0.8412438396057348, 0.8326892921146953, 0.8083977374551972, 0.8045334901433692, 0.8859907034050178, 0.8367775537634409, 0.8774501568100358]
------------------------------------------------
