Classifier Results
------------------------------------------------
Dataset: Harry_gym_movements_ax
Classifier: RandomForestClassifier()
------------------------------------------------
Summary Stats
------------------------------------------------
Mean Train time: 0.20132050514221192, Standard Deviation: 0.003577685688444387
Mean Accuracy: 0.663888888888889, Standard Deviation: 0.0770301367992336
Mean Balanced Accuracy: 0.665625, Standard Deviation: 0.07887143415077476
Mean Precision: 0.7004133597883598, Standard Deviation: 0.09221002700569167
Mean Recall: 0.663888888888889, Standard Deviation: 0.0770301367992336
Mean F1 Score: 0.6554310658477325, Standard Deviation: 0.07639353885122886
Mean AUROC: 0.9199442764336918, Standard Deviation: 0.01949421785102477
Confusion Matrix:
 [[19  0 13  0  5  4  0  4]
 [ 0 31  0  1  5  1  3  4]
 [11  0 33  0  0  1  0  0]
 [ 0  2  0 38  4  1  0  0]
 [ 6  1  3  2 29  1  3  0]
 [ 2  4  0  4  1 31  1  2]
 [ 2  2  0  0  0  2 38  1]
 [ 4  9  7  0  0  0  5 20]]
------------------------------------------------
Fold Results
------------------------------------------------
Train time: [0.21053695678710938, 0.20203614234924316, 0.19803452491760254, 0.20154023170471191, 0.19953513145446777, 0.2033824920654297, 0.20053505897521973, 0.1990349292755127, 0.19703435897827148, 0.20153522491455078]
Accuracy: [0.6666666666666666, 0.6666666666666666, 0.6388888888888888, 0.6944444444444444, 0.7222222222222222, 0.5833333333333334, 0.7777777777777778, 0.6388888888888888, 0.5, 0.75]
Balanced Accuracy: [0.66875, 0.66875, 0.6375000000000001, 0.7000000000000001, 0.7250000000000001, 0.58125, 0.7749999999999999, 0.6375, 0.5, 0.7625000000000001]
Precision: [0.6603174603174603, 0.7326719576719577, 0.6518518518518519, 0.7136243386243386, 0.8262235449735449, 0.6828703703703703, 0.8157407407407408, 0.6226851851851851, 0.5092592592592592, 0.7888888888888889]
Recall: [0.6666666666666666, 0.6666666666666666, 0.6388888888888888, 0.6944444444444444, 0.7222222222222222, 0.5833333333333334, 0.7777777777777778, 0.6388888888888888, 0.5, 0.75]
F1 Score: [0.6465347923681257, 0.6633417508417508, 0.6369248035914702, 0.6886463844797179, 0.7066271691271692, 0.5819427486094152, 0.7722943722943723, 0.6211640211640211, 0.4935586018919352, 0.7432760141093474]
AUROC: [0.9116123431899642, 0.9269153225806451, 0.9136704749103942, 0.8967153897849462, 0.946516577060932, 0.8961693548387097, 0.9448364695340502, 0.8938312051971324, 0.9274613575268817, 0.9417142697132618]
------------------------------------------------
