Classifier Results
------------------------------------------------
Dataset: Harry_gym_movements_ay
Classifier: RandomForestClassifier()
------------------------------------------------
Summary Stats
------------------------------------------------
Mean Train time: 0.20437748432159425, Standard Deviation: 0.0020545219747825734
Mean Accuracy: 0.6527777777777778, Standard Deviation: 0.06944444444444443
Mean Balanced Accuracy: 0.6512500000000001, Standard Deviation: 0.0678232998312527
Mean Precision: 0.6618904320987655, Standard Deviation: 0.07999670004776044
Mean Recall: 0.6527777777777778, Standard Deviation: 0.06944444444444443
Mean F1 Score: 0.6401003471836806, Standard Deviation: 0.07561920868960577
Mean AUROC: 0.9234795026881721, Standard Deviation: 0.02034766095745085
Confusion Matrix:
 [[19  1  8  3  4  4  4  2]
 [ 2 26  0  0  3  1  8  5]
 [ 8  0 31  1  3  2  0  0]
 [ 0  5  1 31  0  1  6  1]
 [ 0  1  1  0 43  0  0  0]
 [ 2  0  0  0  0 42  0  1]
 [ 2  8  0  5  0  0 25  5]
 [ 2 11  0  3  1  0 10 18]]
------------------------------------------------
Fold Results
------------------------------------------------
Train time: [0.20453572273254395, 0.20303583145141602, 0.20403623580932617, 0.20525240898132324, 0.20603585243225098, 0.2030348777770996, 0.20503520965576172, 0.20153450965881348, 0.20904755592346191, 0.2022266387939453]
Accuracy: [0.6666666666666666, 0.6666666666666666, 0.6111111111111112, 0.6944444444444444, 0.75, 0.6388888888888888, 0.75, 0.5277777777777778, 0.6666666666666666, 0.5555555555555556]
Balanced Accuracy: [0.6625000000000001, 0.65625, 0.61875, 0.6937500000000001, 0.75, 0.6125, 0.7562500000000001, 0.54375, 0.6625000000000001, 0.55625]
Precision: [0.7222222222222222, 0.6399691358024691, 0.5480820105820106, 0.689351851851852, 0.791931216931217, 0.6261904761904762, 0.75, 0.5425925925925925, 0.7084656084656085, 0.6000992063492063]
Recall: [0.6666666666666666, 0.6666666666666666, 0.6111111111111112, 0.6944444444444444, 0.75, 0.6388888888888888, 0.75, 0.5277777777777778, 0.6666666666666666, 0.5555555555555556]
F1 Score: [0.6753447170113837, 0.6428571428571428, 0.5696649029982362, 0.6805836139169472, 0.7504910213243546, 0.6160714285714285, 0.7485970819304152, 0.5255731922398589, 0.6582631874298541, 0.5335571835571835]
AUROC: [0.9144825268817205, 0.9444584453405018, 0.9033238127240142, 0.9485187051971324, 0.9204329077060933, 0.9194388440860215, 0.96347166218638, 0.9020357302867382, 0.9163866487455198, 0.9022457437275985]
------------------------------------------------
