Classifier Results
------------------------------------------------
Dataset: independent
Classifier: Decision Tree
------------------------------------------------
Train time: 0.10353350639343262
Accuracy: 0.175
Balanced Accuracy: 0.175
Precision: 0.21465773809523808
Recall: 0.175
F1 Score: 0.16830577708186817
AUROC: 0.5285714285714287
Confusion Matrix:
 [[5 0 1 0 0 0 1 3]
 [0 1 1 0 0 1 4 3]
 [5 0 0 1 0 1 1 2]
 [2 1 1 1 4 1 0 0]
 [2 1 1 0 1 0 2 3]
 [0 3 1 0 0 2 1 3]
 [1 0 0 0 2 0 2 5]
 [1 1 2 0 3 0 1 2]]
------------------------------------------------
