Classifier Results
------------------------------------------------
Dataset: independent
Classifier: kNN-ED
------------------------------------------------
Train time: 0.0005002021789550781
Accuracy: 0.375
Balanced Accuracy: 0.375
Precision: 0.4712797619047619
Recall: 0.375
F1 Score: 0.35854001764045
AUROC: 0.7233928571428572
Confusion Matrix:
 [[ 4  0  0  0  0  0  0  6]
 [ 0  3  0  0  0  0  1  6]
 [ 1  0  0  0  0  0  0  9]
 [ 0  2  0  6  0  0  0  2]
 [ 0  0  0  0  0  0  0 10]
 [ 0  0  0  0  1  4  5  0]
 [ 0  2  0  0  0  0  3  5]
 [ 0  0  0  0  0  0  0 10]]
------------------------------------------------
