Classifier Results
------------------------------------------------
Dataset: gym movements accel
Classifier: kNN-ED
------------------------------------------------
Summary Stats
------------------------------------------------
Mean Train time: 0.00015001296997070314, Standard Deviation: 0.00022914860497408033
Mean Accuracy: 0.8277777777777777, Standard Deviation: 0.0408248290463863
Mean Balanced Accuracy: 0.825, Standard Deviation: 0.04126893504804793
Mean Precision: 0.858095238095238, Standard Deviation: 0.04874345982922522
Mean Recall: 0.8277777777777777, Standard Deviation: 0.0408248290463863
Mean F1 Score: 0.8255864197530863, Standard Deviation: 0.04068600031752831
Mean AUROC: 0.967246303763441, Standard Deviation: 0.018426694352528916
Confusion Matrix:
 [[20  0 13  1  2  0  0  9]
 [ 0 39  0  0  0  0  0  6]
 [12  0 31  0  0  0  0  2]
 [ 1  1  0 39  0  0  0  4]
 [ 1  0  0  0 43  0  0  1]
 [ 0  0  0  0  0 44  0  1]
 [ 0  1  0  0  0  0 39  5]
 [ 0  0  1  1  0  0  0 43]]
------------------------------------------------
Fold Results
------------------------------------------------
Train time: [0.0005002021789550781, 0.0004999637603759766, 0.0, 0.0, 0.0, 0.0, 0.0, 0.0004999637603759766, 0.0, 0.0]
Accuracy: [0.7777777777777778, 0.8611111111111112, 0.8055555555555556, 0.8333333333333334, 0.8055555555555556, 0.8055555555555556, 0.8611111111111112, 0.9166666666666666, 0.8333333333333334, 0.7777777777777778]
Balanced Accuracy: [0.79375, 0.86875, 0.8125, 0.84375, 0.8, 0.7875, 0.85, 0.9125, 0.8125, 0.76875]
Precision: [0.7695105820105819, 0.8726851851851851, 0.8986111111111111, 0.8819444444444444, 0.8482804232804233, 0.8492063492063492, 0.9001322751322751, 0.9380952380952381, 0.8306878306878306, 0.7917989417989417]
Recall: [0.7777777777777778, 0.8611111111111112, 0.8055555555555556, 0.8333333333333334, 0.8055555555555556, 0.8055555555555556, 0.8611111111111112, 0.9166666666666666, 0.8333333333333334, 0.7777777777777778]
F1 Score: [0.7636784511784511, 0.8600529100529101, 0.82418430335097, 0.8382936507936507, 0.798881673881674, 0.8153880070546737, 0.8440315856982523, 0.9120370370370369, 0.826058201058201, 0.773258377425044]
AUROC: [0.9482666890681004, 0.9722222222222222, 0.9649137544802867, 0.9848510304659498, 0.9697720654121864, 0.9683159722222222, 0.9921594982078853, 0.9737623207885306, 0.975232414874552, 0.9229670698924731]
------------------------------------------------
