Classifier Results
------------------------------------------------
Dataset: gym movements ay
Classifier: kNN-ED
------------------------------------------------
Summary Stats
------------------------------------------------
Mean Train time: 0.00045003890991210935, Standard Deviation: 0.0001500132731090861
Mean Accuracy: 0.6888888888888889, Standard Deviation: 0.07114582486036498
Mean Balanced Accuracy: 0.69, Standard Deviation: 0.06093028803476971
Mean Precision: 0.723332531665865, Standard Deviation: 0.05862253718535604
Mean Recall: 0.6888888888888889, Standard Deviation: 0.07114582486036498
Mean F1 Score: 0.6729704631787964, Standard Deviation: 0.07614532774941468
Mean AUROC: 0.9175039202508961, Standard Deviation: 0.024875393088927597
Confusion Matrix:
 [[15  2 14  3  8  1  0  2]
 [ 1 35  1  0  0  1  1  6]
 [15  0 25  1  3  0  0  1]
 [ 0  2  1 35  0  0  0  7]
 [ 4  1  0  0 40  0  0  0]
 [ 4  0  1  0  1 39  0  0]
 [ 0  5  1  0  0  0 16 23]
 [ 0  2  0  0  0  0  0 43]]
------------------------------------------------
Fold Results
------------------------------------------------
Train time: [0.000499725341796875, 0.0004999637603759766, 0.0004999637603759766, 0.0005002021789550781, 0.0005006790161132812, 0.0004994869232177734, 0.0005002021789550781, 0.0005002021789550781, 0.0, 0.0004999637603759766]
Accuracy: [0.5555555555555556, 0.6944444444444444, 0.6111111111111112, 0.7222222222222222, 0.6388888888888888, 0.6944444444444444, 0.7777777777777778, 0.6666666666666666, 0.8055555555555556, 0.7222222222222222]
Balanced Accuracy: [0.575, 0.7124999999999999, 0.6375, 0.7375, 0.65, 0.6625, 0.7625, 0.6625, 0.7875, 0.7125]
Precision: [0.6578703703703703, 0.7314814814814814, 0.6989197530864197, 0.7777777777777778, 0.7300925925925926, 0.6345679012345679, 0.7842592592592593, 0.6557239057239057, 0.8232804232804233, 0.7393518518518518]
Recall: [0.5555555555555556, 0.6944444444444444, 0.6111111111111112, 0.7222222222222222, 0.6388888888888888, 0.6944444444444444, 0.7777777777777778, 0.6666666666666666, 0.8055555555555556, 0.7222222222222222]
F1 Score: [0.5393698893698894, 0.6920394420394421, 0.5851710018376685, 0.7208994708994709, 0.627384960718294, 0.6534391534391535, 0.7740099406766073, 0.633476631393298, 0.7910493827160493, 0.712864758698092]
AUROC: [0.91913082437276, 0.9061659946236558, 0.8628192204301075, 0.9432683691756272, 0.9174227150537635, 0.9156165994623655, 0.9458585349462365, 0.8988015232974911, 0.9525509632616489, 0.9134044578853047]
------------------------------------------------
