Classifier Results
------------------------------------------------
Dataset: gym movements
Classifier: kNN-ED
------------------------------------------------
Summary Stats
------------------------------------------------
Mean Train time: 0.0003500938415527344, Standard Deviation: 0.00022919026098221118
Mean Accuracy: 0.8583333333333334, Standard Deviation: 0.04882887730901927
Mean Balanced Accuracy: 0.8568749999999999, Standard Deviation: 0.05011315321350275
Mean Precision: 0.8819477513227513, Standard Deviation: 0.04153742040336965
Mean Recall: 0.8583333333333334, Standard Deviation: 0.04882887730901927
Mean F1 Score: 0.8562206774706773, Standard Deviation: 0.048960853151982495
Mean AUROC: 0.9730300739247312, Standard Deviation: 0.01856336675195064
Confusion Matrix:
 [[25  1  8  0  2  0  0  9]
 [ 0 44  0  0  0  0  0  1]
 [12  0 30  0  1  0  0  2]
 [ 0  1  0 40  0  0  0  4]
 [ 1  0  0  0 44  0  0  0]
 [ 0  0  0  0  0 44  0  1]
 [ 0  0  0  0  0  0 40  5]
 [ 0  1  1  0  0  0  1 42]]
------------------------------------------------
Fold Results
------------------------------------------------
Train time: [0.0004999637603759766, 0.0005004405975341797, 0.0005002021789550781, 0.0, 0.0, 0.0005002021789550781, 0.0004999637603759766, 0.0004999637603759766, 0.0, 0.0005002021789550781]
Accuracy: [0.8055555555555556, 0.8888888888888888, 0.7777777777777778, 0.9444444444444444, 0.8611111111111112, 0.8055555555555556, 0.8888888888888888, 0.8888888888888888, 0.8888888888888888, 0.8333333333333334]
Balanced Accuracy: [0.81875, 0.9, 0.7875, 0.95, 0.8625, 0.7875, 0.875, 0.89375, 0.875, 0.81875]
Precision: [0.8342592592592593, 0.9166666666666666, 0.8472222222222222, 0.9629629629629629, 0.8927248677248678, 0.8380952380952381, 0.876851851851852, 0.9074074074074073, 0.9108796296296295, 0.8324074074074075]
Recall: [0.8055555555555556, 0.8888888888888888, 0.7777777777777778, 0.9444444444444444, 0.8611111111111112, 0.8055555555555556, 0.8888888888888888, 0.8888888888888888, 0.8888888888888888, 0.8333333333333334]
F1 Score: [0.7940756774090106, 0.8897446689113357, 0.7857142857142857, 0.9469135802469135, 0.8517917267917268, 0.812389770723104, 0.8762626262626263, 0.8929373096039763, 0.8885836385836385, 0.823793490460157]
AUROC: [0.9861251120071685, 0.9763244847670252, 0.9461805555555556, 0.998669914874552, 0.9513748879928315, 0.9747983870967742, 0.9921875, 0.9924535170250898, 0.9629956317204302, 0.9491907482078853]
------------------------------------------------
