Classifier Results
------------------------------------------------
Dataset: gym movements gyro
Classifier: kNN-ED
------------------------------------------------
Summary Stats
------------------------------------------------
Mean Train time: 0.000250244140625, Standard Deviation: 0.00025024419514143746
Mean Accuracy: 0.7444444444444445, Standard Deviation: 0.05931710140017398
Mean Balanced Accuracy: 0.741875, Standard Deviation: 0.059031903450591866
Mean Precision: 0.8330062530062531, Standard Deviation: 0.05391948915094792
Mean Recall: 0.7444444444444445, Standard Deviation: 0.05931710140017398
Mean F1 Score: 0.7523222869178752, Standard Deviation: 0.051759827521884266
Mean AUROC: 0.9343385976702511, Standard Deviation: 0.028562769433100432
Confusion Matrix:
 [[19  0  5  2  2  2  0 15]
 [ 0 38  0  0  0  0  0  7]
 [ 9  1 30  0  1  0  0  4]
 [ 1  0  0 35  0  0  0  9]
 [ 0  0  0  0 42  0  0  3]
 [ 2  0  0  0  0 40  1  2]
 [ 0  0  1  0  0  0 25 19]
 [ 0  2  0  0  0  0  4 39]]
------------------------------------------------
Fold Results
------------------------------------------------
Train time: [0.0005006790161132812, 0.0, 0.0005002021789550781, 0.0, 0.0005002021789550781, 0.0005006790161132812, 0.0, 0.0005006790161132812, 0.0, 0.0]
Accuracy: [0.6666666666666666, 0.8333333333333334, 0.6388888888888888, 0.7222222222222222, 0.8333333333333334, 0.7222222222222222, 0.75, 0.7777777777777778, 0.75, 0.75]
Balanced Accuracy: [0.675, 0.84375, 0.6499999999999999, 0.73125, 0.8374999999999999, 0.70625, 0.7375, 0.76875, 0.725, 0.74375]
Precision: [0.760030864197531, 0.8555555555555555, 0.7685185185185185, 0.9206349206349205, 0.8981481481481483, 0.762037037037037, 0.8148148148148148, 0.8348765432098766, 0.8409090909090909, 0.8745370370370371]
Recall: [0.6666666666666666, 0.8333333333333334, 0.6388888888888888, 0.7222222222222222, 0.8333333333333334, 0.7222222222222222, 0.75, 0.7777777777777778, 0.75, 0.75]
F1 Score: [0.6697469197469198, 0.8325617283950617, 0.6738315696649031, 0.7508818342151675, 0.8310084976751644, 0.730972730972731, 0.7562830687830687, 0.7703543370210038, 0.7400362754529421, 0.7675459072517896]
AUROC: [0.9369679659498209, 0.9606854838709677, 0.8721998207885305, 0.9646477374551972, 0.9495827732974911, 0.9071320564516129, 0.9484206989247311, 0.9662298387096774, 0.9201808915770608, 0.9173387096774194]
------------------------------------------------
