Classifier Results
------------------------------------------------
Dataset: gym movements accel
Classifier: Random Forest
------------------------------------------------
Summary Stats
------------------------------------------------
Mean Train time: 0.27564003467559817, Standard Deviation: 0.011920493465313002
Mean Accuracy: 0.7611111111111111, Standard Deviation: 0.05853140973807077
Mean Balanced Accuracy: 0.765, Standard Deviation: 0.05521265706339444
Mean Precision: 0.7825661375661376, Standard Deviation: 0.0625453486693427
Mean Recall: 0.7611111111111111, Standard Deviation: 0.05853140973807077
Mean F1 Score: 0.7566094399427733, Standard Deviation: 0.06035384456267555
Mean AUROC: 0.9515933019713263, Standard Deviation: 0.014676918630491025
Confusion Matrix:
 [[28  0 11  0  3  1  0  2]
 [ 0 34  0  3  1  1  3  3]
 [ 6  0 38  0  1  0  0  0]
 [ 2  4  0 37  1  0  0  1]
 [ 5  0  0  1 38  0  1  0]
 [ 0  0  0  1  0 43  0  1]
 [ 1  6  0  0  0  0 36  2]
 [ 6  8  4  3  1  2  1 20]]
------------------------------------------------
Fold Results
------------------------------------------------
Train time: [0.27427029609680176, 0.29144287109375, 0.30127668380737305, 0.28154802322387695, 0.26854491233825684, 0.2663283348083496, 0.2650463581085205, 0.2630457878112793, 0.2675001621246338, 0.27739691734313965]
Accuracy: [0.7222222222222222, 0.6944444444444444, 0.7222222222222222, 0.8055555555555556, 0.7222222222222222, 0.8055555555555556, 0.8888888888888888, 0.6944444444444444, 0.7777777777777778, 0.7777777777777778]
Balanced Accuracy: [0.725, 0.7, 0.7250000000000001, 0.8, 0.725, 0.80625, 0.8875, 0.7125, 0.78125, 0.7875000000000001]
Precision: [0.7430555555555556, 0.7173611111111111, 0.7203703703703703, 0.8189814814814815, 0.7475198412698413, 0.8342592592592593, 0.9103174603174603, 0.7069444444444444, 0.8250000000000001, 0.8018518518518518]
Recall: [0.7222222222222222, 0.6944444444444444, 0.7222222222222222, 0.8055555555555556, 0.7222222222222222, 0.8055555555555556, 0.8888888888888888, 0.6944444444444444, 0.7777777777777778, 0.7777777777777778]
F1 Score: [0.7156084656084656, 0.69329127662461, 0.7121212121212122, 0.8045534712201378, 0.7080381038714373, 0.8012806637806638, 0.8861331569664903, 0.68996743996744, 0.7796095879429212, 0.7754910213243547]
AUROC: [0.9299115143369175, 0.9524669578853047, 0.9328377016129034, 0.9561911962365591, 0.9461665546594982, 0.9553371415770608, 0.9808887768817205, 0.9385500672043011, 0.9578853046594982, 0.9656978046594982]
------------------------------------------------
