Classifier Results
------------------------------------------------
Dataset: gym movements gyro
Classifier: Random Forest
------------------------------------------------
Summary Stats
------------------------------------------------
Mean Train time: 0.2656822443008423, Standard Deviation: 0.003949616849089356
Mean Accuracy: 0.7833333333333333, Standard Deviation: 0.05931710140017396
Mean Balanced Accuracy: 0.7837500000000001, Standard Deviation: 0.0585768725692999
Mean Precision: 0.8043783068783068, Standard Deviation: 0.06267764569121397
Mean Recall: 0.7833333333333333, Standard Deviation: 0.05931710140017396
Mean F1 Score: 0.781897747314414, Standard Deviation: 0.06054747632835198
Mean AUROC: 0.9618419578853045, Standard Deviation: 0.017184110527410805
Confusion Matrix:
 [[26  2  6  4  4  2  0  1]
 [ 0 41  0  0  0  0  3  1]
 [ 6  0 36  0  2  1  0  0]
 [ 4  0  1 40  0  0  0  0]
 [ 2  0  2  0 41  0  0  0]
 [ 3  0  2  0  0 39  1  0]
 [ 0  3  0  0  0  0 34  8]
 [ 1  7  1  0  0  1 10 25]]
------------------------------------------------
Fold Results
------------------------------------------------
Train time: [0.2650461196899414, 0.2752859592437744, 0.2620868682861328, 0.268047571182251, 0.26604628562927246, 0.2605445384979248, 0.26454663276672363, 0.26204586029052734, 0.2676258087158203, 0.2655467987060547]
Accuracy: [0.8333333333333334, 0.8055555555555556, 0.6666666666666666, 0.8888888888888888, 0.8333333333333334, 0.7777777777777778, 0.7777777777777778, 0.7777777777777778, 0.7222222222222222, 0.75]
Balanced Accuracy: [0.83125, 0.8125, 0.675, 0.89375, 0.83125, 0.76875, 0.76875, 0.78125, 0.7250000000000001, 0.75]
Precision: [0.8574074074074074, 0.8282407407407407, 0.6703703703703704, 0.9103174603174603, 0.8533730158730158, 0.8032407407407408, 0.7939814814814815, 0.7935185185185185, 0.7416666666666667, 0.7916666666666666]
Recall: [0.8333333333333334, 0.8055555555555556, 0.6666666666666666, 0.8888888888888888, 0.8333333333333334, 0.7777777777777778, 0.7777777777777778, 0.7777777777777778, 0.7222222222222222, 0.75]
F1 Score: [0.8312089145422479, 0.8007856341189674, 0.6620370370370371, 0.8904320987654322, 0.833994708994709, 0.7819945486612153, 0.7792608625941959, 0.7710337502004169, 0.7214686548019882, 0.74676126342793]
AUROC: [0.9540770609318996, 0.9722922267025089, 0.9196068548387095, 0.9898073476702511, 0.9656418010752689, 0.9671818996415771, 0.9663838485663082, 0.9576892921146953, 0.9546650985663082, 0.9710741487455196]
------------------------------------------------
