Classifier Results
------------------------------------------------
Dataset: gym movements az
Classifier: Random Forest
------------------------------------------------
Summary Stats
------------------------------------------------
Mean Train time: 0.21457862854003906, Standard Deviation: 0.005120912592812638
Mean Accuracy: 0.45277777777777783, Standard Deviation: 0.06809805928961814
Mean Balanced Accuracy: 0.4525, Standard Deviation: 0.06893157839481119
Mean Precision: 0.46781084656084654, Standard Deviation: 0.10788281373378322
Mean Recall: 0.45277777777777783, Standard Deviation: 0.06809805928961814
Mean F1 Score: 0.4382202828036161, Standard Deviation: 0.0776617373046928
Mean AUROC: 0.7885570676523297, Standard Deviation: 0.031060798068544542
Confusion Matrix:
 [[ 9  2  9  5  7  5  2  6]
 [ 4 14  4  9  7  0  5  2]
 [12  4 18  0  2  2  2  5]
 [ 4  6  1 12 13  6  0  3]
 [ 7  4  1  5 23  1  2  2]
 [ 3  2  2  4  1 30  2  1]
 [ 2  5  3  0  0  1 34  0]
 [ 3  4  2  7  2  2  2 23]]
------------------------------------------------
Fold Results
------------------------------------------------
Train time: [0.21703815460205078, 0.22824954986572266, 0.2145383358001709, 0.21553778648376465, 0.21053624153137207, 0.21153688430786133, 0.21253657341003418, 0.2132406234741211, 0.20853495597839355, 0.21403717994689941]
Accuracy: [0.3611111111111111, 0.4444444444444444, 0.5, 0.3888888888888889, 0.5277777777777778, 0.5555555555555556, 0.5277777777777778, 0.3611111111111111, 0.4166666666666667, 0.4444444444444444]
Balanced Accuracy: [0.35, 0.45, 0.50625, 0.3875, 0.51875, 0.55, 0.5375, 0.375, 0.4, 0.45]
Precision: [0.36921296296296297, 0.4886574074074075, 0.5953703703703703, 0.3958333333333333, 0.5435185185185185, 0.6388888888888888, 0.5555555555555556, 0.28399470899470897, 0.4074074074074074, 0.39966931216931223]
Recall: [0.3611111111111111, 0.4444444444444444, 0.5, 0.3888888888888889, 0.5277777777777778, 0.5555555555555556, 0.5277777777777778, 0.3611111111111111, 0.4166666666666667, 0.4444444444444444]
F1 Score: [0.3395757020757021, 0.4459987543320876, 0.49906004489337824, 0.3878066378066378, 0.5133377425044091, 0.5510662177328844, 0.5273622981956314, 0.3150232483565817, 0.407800224466891, 0.3951719576719576]
AUROC: [0.7586385528673836, 0.7658910170250895, 0.8147401433691756, 0.7260304659498208, 0.8165742607526882, 0.8375196012544802, 0.783266129032258, 0.8077956989247312, 0.7930947580645161, 0.7820200492831542]
------------------------------------------------
