Classifier Results
------------------------------------------------
Dataset: gym movements gz
Classifier: Random Forest
------------------------------------------------
Summary Stats
------------------------------------------------
Mean Train time: 0.20060667991638184, Standard Deviation: 0.004213378497164839
Mean Accuracy: 0.7444444444444445, Standard Deviation: 0.036851386559504457
Mean Balanced Accuracy: 0.74375, Standard Deviation: 0.039921798556678295
Mean Precision: 0.7498324514991183, Standard Deviation: 0.050947344982586726
Mean Recall: 0.7444444444444445, Standard Deviation: 0.036851386559504457
Mean F1 Score: 0.7302546065046065, Standard Deviation: 0.04310074753813485
Mean AUROC: 0.9539202508960575, Standard Deviation: 0.011757830138024835
Confusion Matrix:
 [[21  0  6  5  6  5  0  2]
 [ 0 37  0  0  1  0  1  6]
 [ 8  0 32  1  4  0  0  0]
 [ 2  0  0 43  0  0  0  0]
 [ 1  0  2  0 42  0  0  0]
 [ 1  0  2  0  0 42  0  0]
 [ 1  3  0  0  0  0 34  7]
 [ 1  9  0  0  0  0 18 17]]
------------------------------------------------
Fold Results
------------------------------------------------
Train time: [0.19803452491760254, 0.1970348358154297, 0.20053505897521973, 0.19853520393371582, 0.19853472709655762, 0.19675254821777344, 0.19853448867797852, 0.20203518867492676, 0.2050342559814453, 0.21103596687316895]
Accuracy: [0.8055555555555556, 0.75, 0.6944444444444444, 0.7222222222222222, 0.7222222222222222, 0.75, 0.75, 0.6944444444444444, 0.8055555555555556, 0.75]
Balanced Accuracy: [0.8187500000000001, 0.7562500000000001, 0.7, 0.7125, 0.71875, 0.75, 0.73125, 0.6937500000000001, 0.80625, 0.75]
Precision: [0.825, 0.783531746031746, 0.6888888888888889, 0.7508267195767195, 0.7219907407407408, 0.6882716049382717, 0.7546296296296297, 0.6972222222222223, 0.8398148148148148, 0.7481481481481481]
Recall: [0.8055555555555556, 0.75, 0.6944444444444444, 0.7222222222222222, 0.7222222222222222, 0.75, 0.75, 0.6944444444444444, 0.8055555555555556, 0.75]
F1 Score: [0.8064674523007856, 0.7327160493827161, 0.6788419913419913, 0.7045408295408295, 0.7075871659204993, 0.6979717813051146, 0.7396584896584896, 0.6864478114478114, 0.8060906685906686, 0.7422238255571589]
AUROC: [0.9581513216845879, 0.9626456093189965, 0.9351758512544802, 0.9557711693548386, 0.9330337141577062, 0.9593974014336918, 0.9619035618279571, 0.9456765232974911, 0.9552531362007168, 0.9721942204301075]
------------------------------------------------
