Classifier Results
------------------------------------------------
Dataset: gym movements gx
Classifier: Random Forest
------------------------------------------------
Summary Stats
------------------------------------------------
Mean Train time: 0.21071295738220214, Standard Deviation: 0.005764847701660799
Mean Accuracy: 0.5222222222222223, Standard Deviation: 0.06309898162000305
Mean Balanced Accuracy: 0.52375, Standard Deviation: 0.06677855194596541
Mean Precision: 0.5320540724707391, Standard Deviation: 0.0990504673978495
Mean Recall: 0.5222222222222223, Standard Deviation: 0.06309898162000305
Mean F1 Score: 0.5006377264710598, Standard Deviation: 0.07482885835622623
Mean AUROC: 0.8405661962365591, Standard Deviation: 0.05109575951638505
Confusion Matrix:
 [[14  2  9  3  2  2  7  6]
 [ 2 29  2  6  3  0  3  0]
 [ 8  3 23  0  0  1  7  3]
 [ 1  6  1 22  4  2  4  5]
 [ 2 12  2  5 21  0  2  1]
 [ 1  3  4  0  1 33  0  3]
 [ 3  7  3  1  1  3 22  5]
 [ 1  7  2  1  0  4  6 24]]
------------------------------------------------
Fold Results
------------------------------------------------
Train time: [0.2275400161743164, 0.20972990989685059, 0.21103596687316895, 0.2080364227294922, 0.20653581619262695, 0.20842838287353516, 0.21053671836853027, 0.20971298217773438, 0.2075364589691162, 0.2080368995666504]
Accuracy: [0.4722222222222222, 0.6111111111111112, 0.5277777777777778, 0.5277777777777778, 0.4722222222222222, 0.5277777777777778, 0.4444444444444444, 0.6388888888888888, 0.4444444444444444, 0.5555555555555556]
Balanced Accuracy: [0.49375, 0.6125, 0.5562499999999999, 0.5375, 0.4625, 0.51875, 0.4375, 0.64375, 0.43125, 0.54375]
Precision: [0.46123737373737367, 0.619753086419753, 0.6266313932980601, 0.5277777777777778, 0.46388888888888885, 0.5592592592592592, 0.34876543209876537, 0.7067460317460318, 0.45185185185185184, 0.5546296296296296]
Recall: [0.4722222222222222, 0.6111111111111112, 0.5277777777777778, 0.5277777777777778, 0.4722222222222222, 0.5277777777777778, 0.4444444444444444, 0.6388888888888888, 0.4444444444444444, 0.5555555555555556]
F1 Score: [0.4352733686067019, 0.5821246654579988, 0.5023286898286898, 0.5013651471984806, 0.4539642456309123, 0.527847923681257, 0.38099246432579764, 0.6476851851851851, 0.43322109988776647, 0.5415744749078083]
AUROC: [0.8703517025089605, 0.898353494623656, 0.7734515008960573, 0.8342433915770608, 0.7703993055555556, 0.7953349014336918, 0.8570228494623655, 0.9338597670250898, 0.8102738575268817, 0.8623711917562723]
------------------------------------------------
