Classifier Results
------------------------------------------------
Dataset: gym movements ax
Classifier: Random Forest
------------------------------------------------
Summary Stats
------------------------------------------------
Mean Train time: 0.20125885009765626, Standard Deviation: 0.002662089967346157
Mean Accuracy: 0.6361111111111111, Standard Deviation: 0.06508541396588877
Mean Balanced Accuracy: 0.635625, Standard Deviation: 0.06244059677005017
Mean Precision: 0.6782175925925926, Standard Deviation: 0.0670387022820998
Mean Recall: 0.6361111111111111, Standard Deviation: 0.06508541396588877
Mean F1 Score: 0.6289138793305459, Standard Deviation: 0.06331907218194141
Mean AUROC: 0.9143873207885305, Standard Deviation: 0.02241467357678483
Confusion Matrix:
 [[17  0 14  1  5  4  1  3]
 [ 1 27  0  4  3  2  4  4]
 [ 7  0 37  0  0  1  0  0]
 [ 1  2  0 38  2  2  0  0]
 [10  0  3  2 25  1  3  1]
 [ 2  3  0  3  2 32  1  2]
 [ 1  4  0  0  1  2 36  1]
 [ 5  9  8  0  1  1  4 17]]
------------------------------------------------
Fold Results
------------------------------------------------
Train time: [0.1997673511505127, 0.20003509521484375, 0.20906877517700195, 0.20053505897521973, 0.2010350227355957, 0.20053577423095703, 0.2015058994293213, 0.19953489303588867, 0.20053505897521973, 0.20003557205200195]
Accuracy: [0.6388888888888888, 0.7222222222222222, 0.5833333333333334, 0.6666666666666666, 0.6111111111111112, 0.6111111111111112, 0.7777777777777778, 0.5555555555555556, 0.5833333333333334, 0.6111111111111112]
Balanced Accuracy: [0.64375, 0.7125, 0.5875, 0.6625000000000001, 0.6125, 0.60625, 0.775, 0.55625, 0.5875, 0.6125]
Precision: [0.6160714285714286, 0.7673611111111112, 0.6037037037037037, 0.7076719576719577, 0.6990079365079365, 0.6851851851851851, 0.8009259259259259, 0.5773148148148147, 0.6466931216931217, 0.6782407407407407]
Recall: [0.6388888888888888, 0.7222222222222222, 0.5833333333333334, 0.6666666666666666, 0.6111111111111112, 0.6111111111111112, 0.7777777777777778, 0.5555555555555556, 0.5833333333333334, 0.6111111111111112]
F1 Score: [0.6148589065255732, 0.7007589632589633, 0.5826599326599327, 0.6754148629148629, 0.5902577360910694, 0.6026936026936026, 0.7697590989257656, 0.5604457271123937, 0.5680615680615682, 0.6242283950617283]
AUROC: [0.9021477374551973, 0.9477066532258065, 0.8966313844086022, 0.8904009856630825, 0.9375, 0.9041218637992832, 0.9411262320788532, 0.8780521953405018, 0.9279513888888888, 0.9182347670250895]
------------------------------------------------
