Classifier Results
------------------------------------------------
Dataset: gym movements gy
Classifier: Random Forest
------------------------------------------------
Summary Stats
------------------------------------------------
Mean Train time: 0.21580758094787597, Standard Deviation: 0.0027377057342006014
Mean Accuracy: 0.35833333333333334, Standard Deviation: 0.08374896350934075
Mean Balanced Accuracy: 0.36124999999999996, Standard Deviation: 0.08210130936836513
Mean Precision: 0.3912604216770883, Standard Deviation: 0.10230882213259146
Mean Recall: 0.35833333333333334, Standard Deviation: 0.08374896350934075
Mean F1 Score: 0.3480044569627903, Standard Deviation: 0.08242131766346836
Mean AUROC: 0.7430359543010754, Standard Deviation: 0.04989795065875139
Confusion Matrix:
 [[10  6  3  4  4  9  1  8]
 [ 4 18  1  7  4  3  3  5]
 [ 5  2 19  3  2  6  5  3]
 [ 8 11  1  8  1  4  3  9]
 [ 7  5  1  2 16  4  5  5]
 [ 7  2  1  2  4 24  2  3]
 [ 5  3  3  3  6  5 16  4]
 [ 6  8  1  6  2  3  1 18]]
------------------------------------------------
Fold Results
------------------------------------------------
Train time: [0.21753764152526855, 0.22003841400146484, 0.21153783798217773, 0.21253705024719238, 0.21803784370422363, 0.2140367031097412, 0.21554112434387207, 0.21923398971557617, 0.21603822708129883, 0.21353697776794434]
Accuracy: [0.4444444444444444, 0.4722222222222222, 0.2222222222222222, 0.25, 0.4166666666666667, 0.3333333333333333, 0.3333333333333333, 0.2777777777777778, 0.4444444444444444, 0.3888888888888889]
Balanced Accuracy: [0.44375, 0.475, 0.22499999999999998, 0.2625, 0.42500000000000004, 0.35, 0.325, 0.275, 0.43125, 0.39999999999999997]
Precision: [0.4894179894179895, 0.5058641975308641, 0.26851851851851855, 0.2347883597883598, 0.5101851851851852, 0.30787037037037035, 0.3229166666666667, 0.4350799663299663, 0.5, 0.33796296296296297]
Recall: [0.4444444444444444, 0.4722222222222222, 0.2222222222222222, 0.25, 0.4166666666666667, 0.3333333333333333, 0.3333333333333333, 0.2777777777777778, 0.4444444444444444, 0.3888888888888889]
F1 Score: [0.43287037037037035, 0.4544290585957253, 0.22087542087542086, 0.23523729357062692, 0.415628507295174, 0.3084435626102293, 0.3148703148703149, 0.2953525641025641, 0.4504893254893254, 0.3518481518481519]
AUROC: [0.7620267697132617, 0.830099126344086, 0.6678707437275986, 0.7176299283154122, 0.8031334005376344, 0.7684811827956989, 0.7459957437275987, 0.66474854390681, 0.7436155913978495, 0.7267585125448028]
------------------------------------------------
