Classifier Results
------------------------------------------------
Dataset: gym movements ay
Classifier: Random Forest
------------------------------------------------
Summary Stats
------------------------------------------------
Mean Train time: 0.20744919776916504, Standard Deviation: 0.00466181607351112
Mean Accuracy: 0.675, Standard Deviation: 0.054220059155397585
Mean Balanced Accuracy: 0.6743750000000001, Standard Deviation: 0.05415905395222484
Mean Precision: 0.6964263668430335, Standard Deviation: 0.057974160265334924
Mean Recall: 0.675, Standard Deviation: 0.054220059155397585
Mean F1 Score: 0.668478666395333, Standard Deviation: 0.056280393825407206
Mean AUROC: 0.9202704973118279, Standard Deviation: 0.019741208032981065
Confusion Matrix:
 [[18  3  9  5  5  4  1  0]
 [ 2 26  0  1  2  1  7  6]
 [ 8  0 31  1  3  2  0  0]
 [ 2  3  1 35  0  0  3  1]
 [ 0  1  1  0 43  0  0  0]
 [ 2  0  0  0  0 42  1  0]
 [ 0  3  1  6  0  0 28  7]
 [ 3 10  0  2  0  0 10 20]]
------------------------------------------------
Fold Results
------------------------------------------------
Train time: [0.21066880226135254, 0.21953845024108887, 0.20653486251831055, 0.20453429222106934, 0.20453572273254395, 0.20453524589538574, 0.2100365161895752, 0.20403528213500977, 0.20653724670410156, 0.2035355567932129]
Accuracy: [0.75, 0.7222222222222222, 0.6944444444444444, 0.6944444444444444, 0.7222222222222222, 0.6388888888888888, 0.6944444444444444, 0.5833333333333334, 0.6666666666666666, 0.5833333333333334]
Balanced Accuracy: [0.7562500000000001, 0.71875, 0.69375, 0.7, 0.71875, 0.61875, 0.6937500000000001, 0.59375, 0.6625, 0.5875]
Precision: [0.7703703703703704, 0.7546296296296295, 0.7101851851851853, 0.7149470899470899, 0.738095238095238, 0.6658730158730158, 0.7076719576719577, 0.5918650793650794, 0.7149470899470899, 0.595679012345679]
Recall: [0.75, 0.7222222222222222, 0.6944444444444444, 0.6944444444444444, 0.7222222222222222, 0.6388888888888888, 0.6944444444444444, 0.5833333333333334, 0.6666666666666666, 0.5833333333333334]
F1 Score: [0.7498677248677248, 0.7188875938875938, 0.6933922558922558, 0.6716490299823633, 0.7154280904280904, 0.6396604938271605, 0.6944444444444444, 0.5772266313932981, 0.6538840788840788, 0.5703463203463204]
AUROC: [0.9448084677419355, 0.9253752240143369, 0.9339857750896058, 0.944024417562724, 0.9204049059139786, 0.9267193100358422, 0.9275873655913978, 0.9019237231182795, 0.8967293906810035, 0.8811463933691756]
------------------------------------------------
