Classifier Results
------------------------------------------------
Dataset: gym movements
Classifier: Random Forest
------------------------------------------------
Summary Stats
------------------------------------------------
Mean Train time: 0.35944042205810545, Standard Deviation: 0.023555010617353597
Mean Accuracy: 0.8222222222222223, Standard Deviation: 0.043390275977259196
Mean Balanced Accuracy: 0.8231249999999999, Standard Deviation: 0.04146252072655496
Mean Precision: 0.8446031746031746, Standard Deviation: 0.04647998517495342
Mean Recall: 0.8222222222222223, Standard Deviation: 0.043390275977259196
Mean F1 Score: 0.818966049382716, Standard Deviation: 0.045019009709399496
Mean AUROC: 0.9761284722222223, Standard Deviation: 0.011106592362788565
Confusion Matrix:
 [[29  1 10  0  1  1  1  2]
 [ 0 44  0  0  0  1  0  0]
 [12  0 32  0  0  0  0  1]
 [ 0  0  0 43  0  0  2  0]
 [ 3  1  2  0 39  0  0  0]
 [ 0  0  0  1  0 43  1  0]
 [ 0  2  0  0  0  1 40  2]
 [ 2  6  4  0  0  1  6 26]]
------------------------------------------------
Fold Results
------------------------------------------------
Train time: [0.36306285858154297, 0.34755921363830566, 0.3252601623535156, 0.3295571804046631, 0.3322477340698242, 0.38251233100891113, 0.3940694332122803, 0.38674139976501465, 0.369065523147583, 0.36432838439941406]
Accuracy: [0.7777777777777778, 0.8611111111111112, 0.75, 0.8333333333333334, 0.8055555555555556, 0.8611111111111112, 0.8888888888888888, 0.8611111111111112, 0.8055555555555556, 0.7777777777777778]
Balanced Accuracy: [0.78125, 0.8625, 0.7562500000000001, 0.84375, 0.8125, 0.85625, 0.88125, 0.8625, 0.8, 0.7749999999999999]
Precision: [0.7740740740740741, 0.8816137566137567, 0.7625, 0.8634259259259259, 0.8388888888888889, 0.8731481481481481, 0.8962962962962963, 0.901058201058201, 0.8484126984126984, 0.8066137566137566]
Recall: [0.7777777777777778, 0.8611111111111112, 0.75, 0.8333333333333334, 0.8055555555555556, 0.8611111111111112, 0.8888888888888888, 0.8611111111111112, 0.8055555555555556, 0.7777777777777778]
F1 Score: [0.7668350168350169, 0.8562008978675645, 0.7490780824114157, 0.8405162738496073, 0.8093875260541927, 0.8595077761744429, 0.8875661375661376, 0.8550925925925925, 0.7976190476190477, 0.7678571428571428]
AUROC: [0.9830169130824373, 0.9889392921146953, 0.95175291218638, 0.9654177867383511, 0.9750364023297493, 0.9786066308243728, 0.9815608198924731, 0.966131832437276, 0.9839969758064515, 0.986825156810036]
------------------------------------------------
