Classifier Results
------------------------------------------------
Dataset: independent
Classifier: Naive Bayes
------------------------------------------------
Train time: 0.0020003318786621094
Accuracy: 0.3375
Balanced Accuracy: 0.3375
Precision: 0.35748570261437906
Recall: 0.3375
F1 Score: 0.3141059379217274
AUROC: 0.7008928571428571
Confusion Matrix:
 [[5 0 2 1 1 0 0 1]
 [0 4 0 0 0 1 2 3]
 [7 0 1 1 0 0 0 1]
 [0 4 0 4 0 0 0 2]
 [1 2 0 0 4 0 2 1]
 [2 0 0 2 5 1 0 0]
 [1 4 0 0 0 0 2 3]
 [0 1 0 1 0 0 2 6]]
------------------------------------------------
