Classifier Results
------------------------------------------------
Dataset: gym movements gy
Classifier: kNN-ED
------------------------------------------------
Train time: 0.0005002021789550781
Accuracy: 0.1956521739130435
Balanced Accuracy: 0.19565217391304351
Precision: 0.280888830162086
Recall: 0.19565217391304351
F1 Score: 0.19316801233607991
AUROC: 0.6078517418309478
Confusion Matrix:
 [[ 3  0  0  4  1  4  0 11]
 [ 3  0  0  0  1  2  0 17]
 [ 7  0  4  1  1  1  1  8]
 [ 2  0  0  3  1  0  0 17]
 [ 7  0  0  3  2  1  1  9]
 [ 2  0  1  3  2  5  1  9]
 [ 5  1  1  3  3  0  7  3]
 [ 4  0  0  3  3  1  0 12]]
------------------------------------------------
