Classifier Results
------------------------------------------------
Dataset: gym movements az
Classifier: kNN-ED
------------------------------------------------
Train time: 0.0005002021789550781
Accuracy: 0.3967391304347826
Balanced Accuracy: 0.3967391304347826
Precision: 0.41261834385016893
Recall: 0.3967391304347826
F1 Score: 0.3891567642268904
AUROC: 0.7823217661355657
Confusion Matrix:
 [[ 3  1  3  4  0  3  0  9]
 [ 3  9  0  4  0  3  3  1]
 [ 7  0 10  1  0  1  0  4]
 [ 3  0  0  7  1  6  0  6]
 [ 4  1  0  9  2  1  0  6]
 [ 1  1  2  0  2 15  2  0]
 [ 1  5  0  0  1  2 14  0]
 [ 1  0  1  4  2  2  0 13]]
------------------------------------------------
