Classifier Results
------------------------------------------------
Dataset: gym movements gyro
Classifier: kNN-ED
------------------------------------------------
Train time: 0.0005002021789550781
Accuracy: 0.6304347826086957
Balanced Accuracy: 0.6304347826086957
Precision: 0.7129837975291914
Recall: 0.6304347826086957
F1 Score: 0.6360502723932508
AUROC: 0.9034566567647853
Confusion Matrix:
 [[ 6  1  3  0  0  2  0 11]
 [ 0 18  0  0  0  0  0  5]
 [ 3  0 10  0  1  4  0  5]
 [ 1  2  0 13  0  0  2  5]
 [ 2  2  0  0 17  0  0  2]
 [ 1  0  0  0  0 20  1  1]
 [ 0  0  1  0  0  0 11 11]
 [ 0  0  0  0  0  0  2 21]]
------------------------------------------------
