Classifier Results
------------------------------------------------
Dataset: gym movements gx
Classifier: kNN-ED
------------------------------------------------
Train time: 0.0005002021789550781
Accuracy: 0.3858695652173913
Balanced Accuracy: 0.3858695652173913
Precision: 0.4660509994391573
Recall: 0.3858695652173913
F1 Score: 0.3775032800659254
AUROC: 0.7626924115581961
Confusion Matrix:
 [[ 4  0  3  0  0  2  4 10]
 [ 0 14  0  1  1  0  4  3]
 [ 3  0  8  0  0  4  1  7]
 [ 3  2  0  3  1  0  1 13]
 [ 0  9  0  4  6  0  0  4]
 [ 1  1  2  0  0 13  0  6]
 [ 0  0  2  0  0  0  5 16]
 [ 0  0  0  0  0  0  5 18]]
------------------------------------------------
