Classifier Results
------------------------------------------------
Dataset: gym movements
Classifier: kNN-ED
------------------------------------------------
Train time: 0.0004999637603759766
Accuracy: 0.7391304347826086
Balanced Accuracy: 0.7391304347826086
Precision: 0.8036214191314137
Recall: 0.7391304347826086
F1 Score: 0.749175348180847
AUROC: 0.9640325411828247
Confusion Matrix:
 [[10  0  5  0  0  0  0  8]
 [ 0 20  0  0  0  1  0  2]
 [ 6  0 15  0  1  0  0  1]
 [ 0  2  0 14  0  0  0  7]
 [ 3  0  0  0 18  0  0  2]
 [ 0  0  0  0  0 21  1  1]
 [ 0  0  0  0  0  0 16  7]
 [ 0  1  0  0  0  0  0 22]]
------------------------------------------------
