Classifier Results
------------------------------------------------
Dataset: gym movements ax
Classifier: kNN-ED
------------------------------------------------
Train time: 0.0
Accuracy: 0.5543478260869565
Balanced Accuracy: 0.5543478260869565
Precision: 0.630401282766496
Recall: 0.5543478260869565
F1 Score: 0.5545758209244729
AUROC: 0.880282878746962
Confusion Matrix:
 [[ 8  1  4  0  1  1  0  8]
 [ 0 11  0  2  1  0  4  5]
 [ 5  0 10  0  0  0  0  8]
 [ 2  3  0 16  1  0  0  1]
 [ 1  1  0  4  7  0  0 10]
 [ 5  0  0  2  0 15  0  1]
 [ 2  2  0  0  0  1 12  6]
 [ 0  0  0  0  0  0  0 23]]
------------------------------------------------
