Classifier Results
------------------------------------------------
Dataset: gym movements accel
Classifier: kNN-ED
------------------------------------------------
Train time: 0.0004999637603759766
Accuracy: 0.7554347826086957
Balanced Accuracy: 0.7554347826086956
Precision: 0.8015184742158425
Recall: 0.7554347826086956
F1 Score: 0.7633899727648439
AUROC: 0.9517620847961112
Confusion Matrix:
 [[ 9  0  4  0  1  0  0  9]
 [ 0 19  0  0  0  1  0  3]
 [ 8  0 15  0  0  0  0  0]
 [ 0  0  0 16  0  0  0  7]
 [ 2  1  0  0 17  0  0  3]
 [ 0  0  0  0  0 23  0  0]
 [ 0  1  0  0  0  0 20  2]
 [ 0  3  0  0  0  0  0 20]]
------------------------------------------------
