Classifier Results
------------------------------------------------
Dataset: gym movements ay
Classifier: kNN-ED
------------------------------------------------
Train time: 0.0
Accuracy: 0.6032608695652174
Balanced Accuracy: 0.6032608695652174
Precision: 0.6658390269364634
Recall: 0.6032608695652174
F1 Score: 0.593794968245551
AUROC: 0.8829496354307319
Confusion Matrix:
 [[ 7  4  8  0  1  1  0  2]
 [ 0 15  0  0  3  0  1  4]
 [ 8  0 12  0  2  1  0  0]
 [ 1  1  0 14  0  0  0  7]
 [ 2  3  0  0 18  0  0  0]
 [ 1  0  2  0  1 19  0  0]
 [ 0  4  0  0  0  0  5 14]
 [ 0  2  0  0  0  0  0 21]]
------------------------------------------------
