Classifier Results
------------------------------------------------
Dataset: Harry_gym_movements_accel
Classifier: MLPClassifier()
------------------------------------------------
Train time: 0.16410493850708008
Accuracy: 0.6592592592592592
Balanced Accuracy: 0.6571428571428571
Precision: 0.6658431793770141
Recall: 0.6571428571428571
F1 Score: 0.6585144820336458
AUROC: 0.8927260179434092
Confusion Matrix:
 [[11  2  2  0  4  1  0]
 [ 0 13  0  5  1  0  1]
 [ 5  0 15  0  0  0  0]
 [ 2  0  0 14  1  2  1]
 [ 1  2  0  1  9  1  1]
 [ 1  0  2  2  0 15  0]
 [ 1  3  0  2  0  2 12]]
------------------------------------------------
