Classifier Results
------------------------------------------------
Dataset: Harry_gym_movements_gy
Classifier: MLPClassifier()
------------------------------------------------
Train time: 0.1228032112121582
Accuracy: 0.31851851851851853
Balanced Accuracy: 0.31190476190476185
Precision: 0.3259114948020495
Recall: 0.31190476190476185
F1 Score: 0.3074193248973512
AUROC: 0.6586162870945479
Confusion Matrix:
 [[9 2 0 4 1 4 0]
 [5 3 2 4 0 3 3]
 [3 3 6 2 0 3 3]
 [3 3 0 8 1 2 3]
 [2 2 0 4 2 3 2]
 [0 1 3 6 0 8 2]
 [4 4 2 1 2 0 7]]
------------------------------------------------
