Classifier Results
------------------------------------------------
Dataset: Harry_gym_movements
Classifier: MLPClassifier()
------------------------------------------------
Train time: 0.3465883731842041
Accuracy: 0.6032608695652174
Balanced Accuracy: 0.6032608695652174
Precision: 0.6117924257283525
Recall: 0.6032608695652174
F1 Score: 0.6054214482532322
AUROC: 0.8781055900621118
Confusion Matrix:
 [[12  1  3  0  3  0  0  4]
 [ 0 16  0  2  0  0  0  5]
 [ 7  1 14  0  1  0  0  0]
 [ 0  0  0 14  4  0  0  5]
 [ 2  1  5  0 13  0  0  2]
 [ 0  0  0  1  0 21  0  1]
 [ 3  1  0  1  0  1 16  1]
 [ 4  4  1  2  1  3  3  5]]
------------------------------------------------
