Classifier Results
------------------------------------------------
Dataset: Harry_gym_movements_ax
Classifier: MLPClassifier()
------------------------------------------------
Train time: 0.12921428680419922
Accuracy: 0.4695121951219512
Balanced Accuracy: 0.47056159420289856
Precision: 0.4612861929522146
Recall: 0.47056159420289856
F1 Score: 0.4591926192642467
AUROC: 0.8028949902573673
Confusion Matrix:
 [[ 5  1  5  0  4  4  0  4]
 [ 1  7  0  2  3  1  3  3]
 [ 8  2  7  0  4  2  0  0]
 [ 0  4  0 12  2  1  1  0]
 [ 1  2  1  4  7  3  2  0]
 [ 1  0  0  3  0 13  0  3]
 [ 1  0  0  0  1  2 19  0]
 [ 1  3  0  0  3  0  1  7]]
------------------------------------------------
