Classifier Results
------------------------------------------------
Dataset: Harry_gym_movements_az
Classifier: MLPClassifier()
------------------------------------------------
Train time: 0.12065839767456055
Accuracy: 0.2937062937062937
Balanced Accuracy: 0.2981366459627329
Precision: 0.3136242639348229
Recall: 0.2981366459627329
F1 Score: 0.29889520499178995
AUROC: 0.6898134121092764
Confusion Matrix:
 [[ 2  0  4  5  5  5  2]
 [ 1  4  4  7  0  3  1]
 [ 8  0  6  1  3  1  1]
 [ 1  2  4  3  8  2  0]
 [ 1  2  3  1  8  4  1]
 [ 5  1  1  4  0  9  0]
 [ 3  2  0  2  0  3 10]]
------------------------------------------------
