Classifier Results
------------------------------------------------
Dataset: Harry_gym_movements_gyro
Classifier: MLPClassifier()
------------------------------------------------
Train time: 0.17247533798217773
Accuracy: 0.6013986013986014
Balanced Accuracy: 0.6012422360248448
Precision: 0.599047619047619
Recall: 0.6012422360248448
F1 Score: 0.5959394976724887
AUROC: 0.8504330151997171
Confusion Matrix:
 [[14  4  3  0  0  1  1]
 [ 3 13  2  2  0  0  0]
 [ 2  3  7  0  2  4  2]
 [ 3  1  0 10  4  0  2]
 [ 1  1  2  2 12  1  1]
 [ 1  1  0  1  0 16  1]
 [ 1  1  1  1  0  2 14]]
------------------------------------------------
