Classifier Results
------------------------------------------------
Dataset: Harry_gym_movements_gx
Classifier: MLPClassifier()
------------------------------------------------
Train time: 0.12458276748657227
Accuracy: 0.2937062937062937
Balanced Accuracy: 0.2990683229813664
Precision: 0.2789072039072039
Recall: 0.2990683229813664
F1 Score: 0.2844734752141126
AUROC: 0.6831932030500428
Confusion Matrix:
 [[ 1  3  5  0  4  5  5]
 [ 1 10  1  2  4  1  1]
 [ 4  2  4  2  0  5  3]
 [ 2  2  1  4  7  1  3]
 [ 0  4  2  2  7  3  2]
 [ 5  2  3  1  0  9  0]
 [ 2  3  2  2  2  2  7]]
------------------------------------------------
