Classifier Results
------------------------------------------------
Dataset: Harry_gym_movements_gz
Classifier: MLPClassifier()
------------------------------------------------
Train time: 0.11993885040283203
Accuracy: 0.5925925925925926
Balanced Accuracy: 0.5999999999999999
Precision: 0.6378347139673409
Recall: 0.5999999999999999
F1 Score: 0.6043449456025337
AUROC: 0.8528536922015183
Confusion Matrix:
 [[ 7  1  6  0  4  2  0]
 [ 2 16  0  0  0  0  2]
 [ 7  1  6  0  1  5  0]
 [ 4  2  1 12  0  1  0]
 [ 1  1  1  0 12  0  0]
 [ 4  0  1  0  0 15  0]
 [ 2  5  1  0  0  0 12]]
------------------------------------------------
