Classifier Results
------------------------------------------------
Dataset: Harry_gym_movements_ay
Classifier: MLPClassifier()
------------------------------------------------
Train time: 0.12506890296936035
Accuracy: 0.5874125874125874
Balanced Accuracy: 0.5953416149068324
Precision: 0.5793931224055447
Recall: 0.5953416149068324
F1 Score: 0.5731888634364184
AUROC: 0.8618214411957784
Confusion Matrix:
 [[ 5  3  5  0  3  3  4]
 [ 0  6  0  0  8  1  5]
 [ 3  0 13  0  0  3  1]
 [ 1  2  0 14  0  1  2]
 [ 0  0  3  0 17  0  0]
 [ 1  0  2  0  0 17  0]
 [ 1  4  0  2  0  1 12]]
------------------------------------------------
