Classifier Results
------------------------------------------------
Dataset: Harry_gym_movements_gy
Classifier: BOSSEnsemble()
------------------------------------------------
Summary Stats
------------------------------------------------
Mean Train time: 165.16789796352387, Standard Deviation: 0.49700976172201117
Mean Accuracy: 0.5916666666666666, Standard Deviation: 0.10322724542256692
Mean Balanced Accuracy: 0.5925, Standard Deviation: 0.10457503287113995
Mean Precision: 0.6060774410774411, Standard Deviation: 0.12976705969112448
Mean Recall: 0.5916666666666666, Standard Deviation: 0.10322724542256692
Mean F1 Score: 0.5625104370937704, Standard Deviation: 0.10386599301175575
Mean AUROC: 0.853616431451613, Standard Deviation: 0.05469914898522596
Confusion Matrix:
 [[ 6  3 16  6  7  1  3  3]
 [ 1 18  5  1  5  3  8  4]
 [ 0  0 42  0  2  0  0  1]
 [ 2  0  0 26  4  1  3  9]
 [ 1  2  5  2 21  1 10  3]
 [ 0  0  1  2  2 36  4  0]
 [ 0  0  1  0  1  3 39  1]
 [ 2  1  2  5  6  2  2 25]]
------------------------------------------------
Fold Results
------------------------------------------------
Train time: [164.74125051498413, 165.28729724884033, 164.81366205215454, 165.0709526538849, 164.8280005455017, 165.835346698761, 166.2681245803833, 164.86598134040833, 165.30732893943787, 164.66103506088257]
Accuracy: [0.6666666666666666, 0.75, 0.5, 0.5833333333333334, 0.6666666666666666, 0.5833333333333334, 0.6388888888888888, 0.6388888888888888, 0.5277777777777778, 0.3611111111111111]
Balanced Accuracy: [0.675, 0.75, 0.4875, 0.5875, 0.66875, 0.575, 0.64375, 0.6375, 0.5375, 0.3625]
Precision: [0.6084656084656085, 0.8271604938271605, 0.47962962962962963, 0.6398148148148147, 0.583774250440917, 0.5746031746031746, 0.7626262626262625, 0.6805996472663138, 0.5601851851851851, 0.34391534391534395]
Recall: [0.6666666666666666, 0.75, 0.5, 0.5833333333333334, 0.6666666666666666, 0.5833333333333334, 0.6388888888888888, 0.6388888888888888, 0.5277777777777778, 0.3611111111111111]
F1 Score: [0.6286556036556036, 0.7306878306878306, 0.47693201859868534, 0.5645866479199813, 0.6027777777777777, 0.5632014590347924, 0.6138287638287638, 0.625585063085063, 0.4893939393939394, 0.32945526695526695]
AUROC: [0.8539566532258065, 0.9491207437275987, 0.8595430107526882, 0.8504004256272402, 0.8878948252688172, 0.8790742607526881, 0.8649473566308244, 0.8373235887096775, 0.8351814516129034, 0.7187219982078853]
------------------------------------------------
