Classifier Results
------------------------------------------------
Dataset: Harry_gym_movements_az
Classifier: BOSSEnsemble()
------------------------------------------------
Summary Stats
------------------------------------------------
Mean Train time: 164.54300055503845, Standard Deviation: 0.3027628378766285
Mean Accuracy: 0.6527777777777779, Standard Deviation: 0.062422791817345065
Mean Balanced Accuracy: 0.65375, Standard Deviation: 0.055985489191396724
Mean Precision: 0.671131253006253, Standard Deviation: 0.09164724868817171
Mean Recall: 0.6527777777777779, Standard Deviation: 0.062422791817345065
Mean F1 Score: 0.626141983016983, Standard Deviation: 0.0751872961463422
Mean AUROC: 0.9043150761648745, Standard Deviation: 0.03495788284796206
Confusion Matrix:
 [[10  2 10 10  1  1  4  7]
 [ 2 30  1  2  5  0  5  0]
 [ 7  0 18  4  1  9  5  1]
 [ 2  0  0 38  1  1  0  3]
 [ 1  6  1 11 20  4  1  1]
 [ 0  0  2  0  0 42  1  0]
 [ 1  0  0  0  0  0 43  1]
 [ 1  1  1  1  2  2  3 34]]
------------------------------------------------
Fold Results
------------------------------------------------
Train time: [164.44046902656555, 164.62333750724792, 163.9505217075348, 164.24024486541748, 164.78200459480286, 164.50915122032166, 165.14111065864563, 164.6816921234131, 164.63430786132812, 164.42716598510742]
Accuracy: [0.5833333333333334, 0.6111111111111112, 0.6111111111111112, 0.75, 0.5833333333333334, 0.7222222222222222, 0.7222222222222222, 0.5833333333333334, 0.6944444444444444, 0.6666666666666666]
Balanced Accuracy: [0.60625, 0.6375, 0.6187499999999999, 0.7625, 0.6000000000000001, 0.70625, 0.7, 0.56875, 0.68125, 0.65625]
Precision: [0.5825396825396826, 0.5722222222222223, 0.6655122655122655, 0.8055555555555556, 0.5357804232804233, 0.7580026455026455, 0.7354497354497354, 0.5854497354497354, 0.7718253968253967, 0.6989748677248677]
Recall: [0.5833333333333334, 0.6111111111111112, 0.6111111111111112, 0.75, 0.5833333333333334, 0.7222222222222222, 0.7222222222222222, 0.5833333333333334, 0.6944444444444444, 0.6666666666666666]
F1 Score: [0.5496286121286121, 0.5733024691358024, 0.5718464405964406, 0.7344316177649511, 0.5319664902998236, 0.7234848484848484, 0.7059483726150392, 0.5561167227833894, 0.6860312526979194, 0.6286630036630036]
AUROC: [0.8693436379928315, 0.8980734767025089, 0.8426719310035842, 0.916764672939068, 0.9135304659498209, 0.9571012544802867, 0.9571852598566308, 0.8691896281362008, 0.9048219086021506, 0.9144685259856631]
------------------------------------------------
