Classifier Results
------------------------------------------------
Dataset: Harry_gym_movements_gx
Classifier: BOSSEnsemble()
------------------------------------------------
Summary Stats
------------------------------------------------
Mean Train time: 164.37792992591858, Standard Deviation: 0.39346254215203397
Mean Accuracy: 0.7916666666666666, Standard Deviation: 0.0747939556546459
Mean Balanced Accuracy: 0.7881250000000001, Standard Deviation: 0.07210289956028121
Mean Precision: 0.813478835978836, Standard Deviation: 0.06498868907483023
Mean Recall: 0.7916666666666666, Standard Deviation: 0.0747939556546459
Mean F1 Score: 0.7839867539867539, Standard Deviation: 0.07400958497406106
Mean AUROC: 0.9393677195340502, Standard Deviation: 0.028432821157414488
Confusion Matrix:
 [[22  0  6  6  1  0  3  7]
 [ 0 40  1  0  2  1  0  1]
 [ 2  0 33  3  0  0  4  3]
 [ 0  0  0 43  0  0  0  2]
 [ 0  2  0  0 43  0  0  0]
 [ 0  0  2  0  1 42  0  0]
 [ 0  0  3  0  1  1 38  2]
 [ 3  1  2  4  1  3  7 24]]
------------------------------------------------
Fold Results
------------------------------------------------
Train time: [164.2054386138916, 163.74532103538513, 164.24809956550598, 164.12817478179932, 164.28136253356934, 164.8874912261963, 164.3702359199524, 165.2473075389862, 164.40379667282104, 164.2620713710785]
Accuracy: [0.8333333333333334, 0.8888888888888888, 0.6666666666666666, 0.8333333333333334, 0.6388888888888888, 0.8055555555555556, 0.8333333333333334, 0.8055555555555556, 0.7777777777777778, 0.8333333333333334]
Balanced Accuracy: [0.825, 0.89375, 0.66875, 0.83125, 0.64375, 0.79375, 0.81875, 0.8, 0.78125, 0.825]
Precision: [0.8425925925925926, 0.8930555555555555, 0.6874338624338624, 0.8351851851851851, 0.6905092592592593, 0.8509259259259259, 0.8435185185185186, 0.8275462962962963, 0.8181216931216931, 0.8458994708994709]
Recall: [0.8333333333333334, 0.8888888888888888, 0.6666666666666666, 0.8333333333333334, 0.6388888888888888, 0.8055555555555556, 0.8333333333333334, 0.8055555555555556, 0.7777777777777778, 0.8333333333333334]
F1 Score: [0.8351370851370851, 0.8853615520282188, 0.6542308000641334, 0.8289241622574957, 0.6442612942612942, 0.7896885521885522, 0.8247154080487413, 0.7843508343508343, 0.7692841109507776, 0.8239137405804073]
AUROC: [0.9445984543010751, 0.9888972894265233, 0.8896869399641578, 0.9412242383512547, 0.9341257840501791, 0.9600274417562724, 0.9055499551971327, 0.9130404345878136, 0.9662298387096774, 0.9502968189964158]
------------------------------------------------
