Classifier Results
------------------------------------------------
Dataset: Harry_gym_movements_ay
Classifier: BOSSEnsemble()
------------------------------------------------
Summary Stats
------------------------------------------------
Mean Train time: 163.45308368206025, Standard Deviation: 0.2518354094365829
Mean Accuracy: 0.9555555555555555, Standard Deviation: 0.02545875386086579
Mean Balanced Accuracy: 0.9556250000000001, Standard Deviation: 0.023293306441980268
Mean Precision: 0.9657440476190476, Standard Deviation: 0.018156252348202978
Mean Recall: 0.9555555555555555, Standard Deviation: 0.02545875386086579
Mean F1 Score: 0.9523694669528003, Standard Deviation: 0.028929600423551333
Mean AUROC: 0.9939278113799282, Standard Deviation: 0.008477449608288442
Confusion Matrix:
 [[33  0 10  0  1  0  1  0]
 [ 0 45  0  0  0  0  0  0]
 [ 0  0 44  0  0  0  0  1]
 [ 0  0  0 45  0  0  0  0]
 [ 0  0  0  0 45  0  0  0]
 [ 0  0  0  0  0 45  0  0]
 [ 0  1  0  0  0  0 43  1]
 [ 0  0  1  0  0  0  0 44]]
------------------------------------------------
Fold Results
------------------------------------------------
Train time: [163.12456274032593, 164.01565980911255, 163.66602659225464, 163.27627778053284, 163.54380798339844, 163.54776740074158, 163.5273575782776, 163.3784749507904, 163.25070524215698, 163.20019674301147]
Accuracy: [0.9722222222222222, 0.9166666666666666, 0.9166666666666666, 0.9444444444444444, 0.9722222222222222, 0.9722222222222222, 0.9444444444444444, 0.9722222222222222, 1.0, 0.9444444444444444]
Balanced Accuracy: [0.975, 0.925, 0.925, 0.95, 0.96875, 0.96875, 0.9375, 0.96875, 1.0, 0.9375]
Precision: [0.976851851851852, 0.9479166666666666, 0.9371693121693122, 0.9603174603174602, 0.976851851851852, 0.9777777777777779, 0.9537037037037037, 0.9777777777777779, 1.0, 0.9490740740740742]
Recall: [0.9722222222222222, 0.9166666666666666, 0.9166666666666666, 0.9444444444444444, 0.9722222222222222, 0.9722222222222222, 0.9444444444444444, 0.9722222222222222, 1.0, 0.9444444444444444]
F1 Score: [0.9719416386083053, 0.9084249084249083, 0.9047017797017798, 0.9421296296296295, 0.9715007215007216, 0.9717813051146386, 0.9377104377104377, 0.9717813051146386, 1.0, 0.9437229437229439]
AUROC: [0.9995519713261649, 0.9964157706093191, 1.0, 1.0, 0.9825408826164875, 1.0, 0.9804127464157707, 1.0, 1.0, 0.9803567428315413]
------------------------------------------------
