Classifier Results
------------------------------------------------
Dataset: Harry_gym_movements_ax
Classifier: BOSSEnsemble()
------------------------------------------------
Summary Stats
------------------------------------------------
Mean Train time: 164.23153898715972, Standard Deviation: 0.3264026678095704
Mean Accuracy: 0.8027777777777778, Standard Deviation: 0.051893171367415
Mean Balanced Accuracy: 0.80375, Standard Deviation: 0.0501715806009737
Mean Precision: 0.8375176366843033, Standard Deviation: 0.04835023355862917
Mean Recall: 0.8027777777777778, Standard Deviation: 0.051893171367415
Mean F1 Score: 0.7918308851642185, Standard Deviation: 0.056477514686548796
Mean AUROC: 0.9782286066308243, Standard Deviation: 0.014493524454311551
Confusion Matrix:
 [[23  0 14  3  0  3  1  1]
 [ 0 45  0  0  0  0  0  0]
 [ 0  0 43  0  0  1  0  1]
 [ 0  0  0 45  0  0  0  0]
 [ 0  0  4  9 29  2  1  0]
 [ 1  0  0  1  0 43  0  0]
 [ 2  6  0  0  1  1 26  9]
 [ 1  3  2  0  0  0  4 35]]
------------------------------------------------
Fold Results
------------------------------------------------
Train time: [164.30830216407776, 163.59617924690247, 164.08689284324646, 164.19919753074646, 164.32807421684265, 164.9017152786255, 164.2497434616089, 164.4995632171631, 163.91028356552124, 164.2354383468628]
Accuracy: [0.7777777777777778, 0.75, 0.8888888888888888, 0.7777777777777778, 0.7777777777777778, 0.75, 0.8333333333333334, 0.8333333333333334, 0.75, 0.8888888888888888]
Balanced Accuracy: [0.79375, 0.76875, 0.9, 0.79375, 0.79375, 0.73125, 0.81875, 0.81875, 0.74375, 0.875]
Precision: [0.7726851851851851, 0.8083994708994708, 0.915873015873016, 0.8404761904761905, 0.8368827160493828, 0.8235780423280423, 0.8492063492063492, 0.8747685185185186, 0.7551587301587301, 0.8981481481481483]
Recall: [0.7777777777777778, 0.75, 0.8888888888888888, 0.7777777777777778, 0.7777777777777778, 0.75, 0.8333333333333334, 0.8333333333333334, 0.75, 0.8888888888888888]
F1 Score: [0.757303190636524, 0.7421176046176047, 0.886574074074074, 0.7651114317780984, 0.7703924162257495, 0.728452565952566, 0.8280864197530864, 0.8252519085852419, 0.7328643578643579, 0.8821548821548821]
AUROC: [0.9821208557347672, 0.9902413754480288, 0.9941756272401435, 0.9865871415770608, 0.9705561155913978, 0.9502548163082438, 0.9964997759856631, 0.9808467741935485, 0.9580533154121864, 0.9729502688172045]
------------------------------------------------
