Classifier Results
------------------------------------------------
Dataset: Harry_gym_movements_gz
Classifier: BOSSEnsemble()
------------------------------------------------
Summary Stats
------------------------------------------------
Mean Train time: 162.22537982463837, Standard Deviation: 0.2149292077448038
Mean Accuracy: 0.9222222222222222, Standard Deviation: 0.03888888888888888
Mean Balanced Accuracy: 0.9225, Standard Deviation: 0.041382363393117114
Mean Precision: 0.9382208994708995, Standard Deviation: 0.039399788507720745
Mean Recall: 0.9222222222222222, Standard Deviation: 0.03888888888888888
Mean F1 Score: 0.9173531715198381, Standard Deviation: 0.042586697016671074
Mean AUROC: 0.9921104950716846, Standard Deviation: 0.0049633373996755825
Confusion Matrix:
 [[42  0  0  3  0  0  0  0]
 [ 0 45  0  0  0  0  0  0]
 [ 0  0 44  0  0  0  0  1]
 [ 0  0  0 45  0  0  0  0]
 [ 0  0  0  0 45  0  0  0]
 [ 1  0  0  0  0 44  0  0]
 [ 1  1  0  0  0  0 29 14]
 [ 0  4  1  0  0  0  2 38]]
------------------------------------------------
Fold Results
------------------------------------------------
Train time: [161.9995574951172, 161.94970035552979, 162.72233724594116, 162.10796451568604, 162.31655955314636, 162.1297585964203, 162.10722661018372, 162.35393476486206, 162.1845715045929, 162.38218760490417]
Accuracy: [0.9722222222222222, 0.9166666666666666, 0.9722222222222222, 0.9166666666666666, 0.9444444444444444, 0.9166666666666666, 0.8888888888888888, 0.8333333333333334, 0.9444444444444444, 0.9166666666666666]
Balanced Accuracy: [0.975, 0.925, 0.975, 0.925, 0.94375, 0.9125, 0.88125, 0.83125, 0.95, 0.90625]
Precision: [0.9777777777777779, 0.9407407407407405, 0.9777777777777779, 0.9398148148148147, 0.9546296296296296, 0.9325396825396824, 0.9256944444444445, 0.8306878306878307, 0.9546296296296296, 0.9479166666666666]
Recall: [0.9722222222222222, 0.9166666666666666, 0.9722222222222222, 0.9166666666666666, 0.9444444444444444, 0.9166666666666666, 0.8888888888888888, 0.8333333333333334, 0.9444444444444444, 0.9166666666666666]
F1 Score: [0.9722222222222222, 0.9152777777777779, 0.9722222222222222, 0.9056277056277057, 0.9437229437229439, 0.9120370370370369, 0.8735042735042735, 0.8235730319063652, 0.9403058361391695, 0.915038665038665]
AUROC: [0.9951696908602151, 0.9951976926523298, 0.9969338037634409, 0.9950856854838711, 0.9808047715053765, 0.9919914874551972, 0.9859010976702509, 0.9915294578853047, 0.9973678315412187, 0.9911234318996416]
------------------------------------------------
