Classifier Results
------------------------------------------------
Dataset: gym movements gz
Classifier: AdaBoost
------------------------------------------------
Summary Stats
------------------------------------------------
Mean Train time: 0.1908052682876587, Standard Deviation: 0.0034855577520787376
Mean Accuracy: 0.24166666666666664, Standard Deviation: 0.06579288490181673
Mean Balanced Accuracy: 0.25187499999999996, Standard Deviation: 0.06602852129951116
Mean Precision: 0.20711731007783638, Standard Deviation: 0.12008025433623784
Mean Recall: 0.24166666666666664, Standard Deviation: 0.06579288490181673
Mean F1 Score: 0.18959677896698357, Standard Deviation: 0.07182953599325598
Mean AUROC: 0.6312373991935484, Standard Deviation: 0.041361232938541645
Confusion Matrix:
 [[ 5  0  8  2  5  9 12  4]
 [ 2  2  5  0  4  8 21  3]
 [ 4  7  8  8  5  7  6  0]
 [ 5  4  6 14  6  3  7  0]
 [ 1  2  8  5  6  2 16  5]
 [ 2  0  8  6  1 23  3  2]
 [ 3  2  3  0  0  3 25  9]
 [ 2  4  4  4  2  1 24  4]]
------------------------------------------------
Fold Results
------------------------------------------------
Train time: [0.18825650215148926, 0.19553446769714355, 0.1990346908569336, 0.19103264808654785, 0.18903231620788574, 0.1900320053100586, 0.19053196907043457, 0.18853259086608887, 0.18853259086608887, 0.18753290176391602]
Accuracy: [0.1388888888888889, 0.19444444444444445, 0.2777777777777778, 0.2777777777777778, 0.25, 0.2222222222222222, 0.1388888888888889, 0.3611111111111111, 0.2777777777777778, 0.2777777777777778]
Balanced Accuracy: [0.15, 0.20625, 0.2875, 0.2875, 0.25625, 0.23125, 0.15, 0.375, 0.29374999999999996, 0.28125]
Precision: [0.20238095238095236, 0.1152116402116402, 0.17744107744107743, 0.32175925925925924, 0.13754208754208752, 0.1286549707602339, 0.032407407407407406, 0.34259259259259256, 0.45156695156695154, 0.16161616161616163]
Recall: [0.1388888888888889, 0.19444444444444445, 0.2777777777777778, 0.2777777777777778, 0.25, 0.2222222222222222, 0.1388888888888889, 0.3611111111111111, 0.2777777777777778, 0.2777777777777778]
F1 Score: [0.15288800705467373, 0.14266851521753482, 0.20965207631874297, 0.258179012345679, 0.1731956315289649, 0.14935587761674718, 0.05026455026455026, 0.3171754171754172, 0.26223155929038283, 0.18035714285714288]
AUROC: [0.6264840949820789, 0.6072188620071686, 0.6492495519713262, 0.6973006272401433, 0.5765288978494625, 0.6551579301075269, 0.5564376120071685, 0.6208137320788532, 0.6804015456989246, 0.6427811379928315]
------------------------------------------------
