Classifier Results
------------------------------------------------
Dataset: gym movements gx
Classifier: AdaBoost
------------------------------------------------
Summary Stats
------------------------------------------------
Mean Train time: 0.19027330875396728, Standard Deviation: 0.003056718829242711
Mean Accuracy: 0.19444444444444448, Standard Deviation: 0.048112522432468816
Mean Balanced Accuracy: 0.19875, Standard Deviation: 0.04903761311483258
Mean Precision: 0.20419833253166592, Standard Deviation: 0.0791903656931178
Mean Recall: 0.19444444444444448, Standard Deviation: 0.048112522432468816
Mean F1 Score: 0.18215946334367386, Standard Deviation: 0.05254973369758881
Mean AUROC: 0.574725582437276, Standard Deviation: 0.02565367782787095
Confusion Matrix:
 [[ 8  3  6  6  8  7  5  2]
 [ 3 11  6  6  6  4  7  2]
 [ 7  2 12  3  7  3  6  5]
 [ 6  6  6  9  3  3  6  6]
 [ 9  5  3 13  3  2  5  5]
 [12  2  7  0  4  9  3  8]
 [ 6  4  8  5  3  3 10  6]
 [ 5  1  7  6  4  5  9  8]]
------------------------------------------------
Fold Results
------------------------------------------------
Train time: [0.18903303146362305, 0.1880335807800293, 0.19753575325012207, 0.18953347206115723, 0.1880326271057129, 0.1875321865081787, 0.18822717666625977, 0.18953227996826172, 0.19424128532409668, 0.19103169441223145]
Accuracy: [0.16666666666666666, 0.2777777777777778, 0.25, 0.2222222222222222, 0.1111111111111111, 0.19444444444444445, 0.2222222222222222, 0.1388888888888889, 0.19444444444444445, 0.16666666666666666]
Balanced Accuracy: [0.175, 0.28125, 0.2625, 0.225, 0.1125, 0.19375, 0.23125, 0.15, 0.1875, 0.16875]
Precision: [0.14318783068783067, 0.3194444444444444, 0.2937610229276896, 0.318452380952381, 0.08587962962962964, 0.17085537918871252, 0.1986331569664903, 0.1174242424242424, 0.16666666666666663, 0.22767857142857142]
Recall: [0.16666666666666666, 0.2777777777777778, 0.25, 0.2222222222222222, 0.1111111111111111, 0.19444444444444445, 0.2222222222222222, 0.1388888888888889, 0.19444444444444445, 0.16666666666666666]
F1 Score: [0.14441854441854443, 0.26510958177624844, 0.25761429928096596, 0.22609722960600148, 0.09605887939221273, 0.1739587572920906, 0.18894993894993894, 0.11837421837421837, 0.17452300785634117, 0.1764901764901765]
AUROC: [0.6256160394265233, 0.6112791218637993, 0.5742047491039427, 0.5827732974910396, 0.5678763440860215, 0.5486531137992832, 0.5815552195340502, 0.5532874103942652, 0.5617719534050178, 0.5402385752688172]
------------------------------------------------
