Classifier Results
------------------------------------------------
Dataset: gym movements ax
Classifier: AdaBoost
------------------------------------------------
Summary Stats
------------------------------------------------
Mean Train time: 0.19180541038513182, Standard Deviation: 0.0037662669190357293
Mean Accuracy: 0.2722222222222222, Standard Deviation: 0.08940820521906157
Mean Balanced Accuracy: 0.27499999999999997, Standard Deviation: 0.09206824914160149
Mean Precision: 0.28800705467372134, Standard Deviation: 0.0951155362155133
Mean Recall: 0.2722222222222222, Standard Deviation: 0.08940820521906157
Mean F1 Score: 0.26907862199528865, Standard Deviation: 0.08909094529368329
Mean AUROC: 0.6551341285842294, Standard Deviation: 0.028954149616281025
Confusion Matrix:
 [[15  1  4  4 11  1  1  8]
 [ 3  9  0  7  5  5  7  9]
 [ 8  3 22  1  5  1  3  2]
 [ 2 11  0 12  2  8  1  9]
 [11  7  4  2 10  3  6  2]
 [ 2  6  0  6  5  9  7 10]
 [ 6  7  2  0  4  5 13  8]
 [ 2 10  5  3  7  3  7  8]]
------------------------------------------------
Fold Results
------------------------------------------------
Train time: [0.1900331974029541, 0.1880331039428711, 0.19303369522094727, 0.18753314018249512, 0.1900331974029541, 0.20003509521484375, 0.19553399085998535, 0.1925337314605713, 0.18775200843811035, 0.19353294372558594]
Accuracy: [0.19444444444444445, 0.3333333333333333, 0.3611111111111111, 0.16666666666666666, 0.3333333333333333, 0.16666666666666666, 0.3333333333333333, 0.3888888888888889, 0.3055555555555556, 0.1388888888888889]
Balanced Accuracy: [0.19375, 0.3375, 0.35625, 0.15625, 0.325, 0.175, 0.35, 0.40625, 0.30625, 0.14375]
Precision: [0.22800925925925922, 0.2986111111111111, 0.3950396825396825, 0.21296296296296294, 0.3726851851851852, 0.15074955908289242, 0.3194444444444444, 0.4491732804232805, 0.29444444444444445, 0.1589506172839506]
Recall: [0.19444444444444445, 0.3333333333333333, 0.3611111111111111, 0.16666666666666666, 0.3333333333333333, 0.16666666666666666, 0.3333333333333333, 0.3888888888888889, 0.3055555555555556, 0.1388888888888889]
F1 Score: [0.20050011716678384, 0.3033713200379867, 0.3706208914542247, 0.17794011544011543, 0.34118165784832455, 0.15347923681257014, 0.32334455667789, 0.3875712250712251, 0.2993827160493827, 0.13339438339438342]
AUROC: [0.6684727822580645, 0.6397849462365591, 0.6468133960573477, 0.6156614023297491, 0.71230958781362, 0.6727710573476702, 0.679085461469534, 0.6475554435483871, 0.6596942204301075, 0.6091929883512545]
------------------------------------------------
