Classifier Results
------------------------------------------------
Dataset: gym movements ay
Classifier: AdaBoost
------------------------------------------------
Summary Stats
------------------------------------------------
Mean Train time: 0.19125571250915527, Standard Deviation: 0.0030587945835918447
Mean Accuracy: 0.175, Standard Deviation: 0.07354556830485404
Mean Balanced Accuracy: 0.17875000000000002, Standard Deviation: 0.07337830060719587
Mean Precision: 0.16671433392920323, Standard Deviation: 0.08220525970252272
Mean Recall: 0.175, Standard Deviation: 0.07354556830485404
Mean F1 Score: 0.13107043545157654, Standard Deviation: 0.0700553510428322
Mean AUROC: 0.5755474350358423, Standard Deviation: 0.04789925142153155
Confusion Matrix:
 [[ 2 17  5  3  6  1  6  5]
 [ 0 18  1  2 11  1  4  8]
 [ 5 17  7  1  3  0  7  5]
 [ 3 13  4  1  9  1  9  5]
 [ 4 17  1  1 11  1  3  7]
 [ 4  1 12  5  2 15  3  3]
 [ 1 18  1  2  7  1  3 12]
 [ 1 16  2  7  9  0  4  6]]
------------------------------------------------
Fold Results
------------------------------------------------
Train time: [0.18853330612182617, 0.18903088569641113, 0.19403338432312012, 0.19776225090026855, 0.19503402709960938, 0.18953275680541992, 0.18903279304504395, 0.1900320053100586, 0.19103360176086426, 0.18853211402893066]
Accuracy: [0.2222222222222222, 0.1111111111111111, 0.16666666666666666, 0.25, 0.16666666666666666, 0.1388888888888889, 0.16666666666666666, 0.3333333333333333, 0.1388888888888889, 0.05555555555555555]
Balanced Accuracy: [0.21250000000000002, 0.125, 0.175, 0.275, 0.175, 0.15625, 0.15, 0.325, 0.14375, 0.05]
Precision: [0.20277777777777778, 0.1234567901234568, 0.1815359477124183, 0.22685185185185183, 0.21703703703703703, 0.029439696106362774, 0.1646090534979424, 0.33449074074074076, 0.10592592592592592, 0.08101851851851852]
Recall: [0.2222222222222222, 0.1111111111111111, 0.16666666666666666, 0.25, 0.16666666666666666, 0.1388888888888889, 0.16666666666666666, 0.3333333333333333, 0.1388888888888889, 0.05555555555555555]
F1 Score: [0.1728395061728395, 0.06594982078853046, 0.16181657848324515, 0.19444444444444445, 0.1368773946360153, 0.04672364672364673, 0.08969907407407408, 0.2843345192483123, 0.09243295019157088, 0.06558641975308642]
AUROC: [0.6213457661290323, 0.5361083109318997, 0.6253640232974911, 0.5887656810035842, 0.49430163530465954, 0.50459229390681, 0.551509296594982, 0.610663082437276, 0.5938760080645161, 0.628948252688172]
------------------------------------------------
