Classifier Results
------------------------------------------------
Dataset: gym movements
Classifier: AdaBoost
------------------------------------------------
Summary Stats
------------------------------------------------
Mean Train time: 0.8807971000671386, Standard Deviation: 0.005598584360086053
Mean Accuracy: 0.1916666666666667, Standard Deviation: 0.06854979266251703
Mean Balanced Accuracy: 0.193125, Standard Deviation: 0.07073553297318116
Mean Precision: 0.15518249011707794, Standard Deviation: 0.1100186443261632
Mean Recall: 0.1916666666666667, Standard Deviation: 0.06854979266251703
Mean F1 Score: 0.12927039008657476, Standard Deviation: 0.08433436205889898
Mean AUROC: 0.5808677755376344, Standard Deviation: 0.05796531923393047
Confusion Matrix:
 [[ 5 12  3  2 15  1  2  5]
 [ 1 17  1  3 15  0  2  6]
 [ 7 12  4  1 14  0  3  4]
 [ 4 18  1  1 12  1  3  5]
 [ 5 13  2  2 17  0  2  4]
 [ 7  1 13  5  3 14  1  1]
 [ 2 18  2  2 13  1  3  4]
 [ 3 12  0  3 13  2  4  8]]
------------------------------------------------
Fold Results
------------------------------------------------
Train time: [0.8799066543579102, 0.8782603740692139, 0.8791532516479492, 0.8830199241638184, 0.8968691825866699, 0.8776528835296631, 0.8781535625457764, 0.8790514469146729, 0.8765120506286621, 0.8793916702270508]
Accuracy: [0.1388888888888889, 0.1388888888888889, 0.19444444444444445, 0.3611111111111111, 0.16666666666666666, 0.1388888888888889, 0.16666666666666666, 0.16666666666666666, 0.16666666666666666, 0.2777777777777778]
Balanced Accuracy: [0.125, 0.15625, 0.19375, 0.375, 0.175, 0.15625, 0.15, 0.15625, 0.175, 0.26875]
Precision: [0.022401433691756272, 0.23412698412698413, 0.19065656565656564, 0.3657407407407407, 0.10905349794238682, 0.030349794238683128, 0.1646090534979424, 0.03960905349794239, 0.10592592592592592, 0.28935185185185186]
Recall: [0.1388888888888889, 0.1388888888888889, 0.19444444444444445, 0.3611111111111111, 0.16666666666666666, 0.1388888888888889, 0.16666666666666666, 0.16666666666666666, 0.16666666666666666, 0.2777777777777778]
F1 Score: [0.03858024691358024, 0.10972222222222222, 0.17509920634920637, 0.2904761904761905, 0.09811827956989247, 0.04719235364396654, 0.08969907407407408, 0.061921296296296294, 0.11029009304871375, 0.271604938271605]
AUROC: [0.5540714605734767, 0.5668682795698925, 0.652063732078853, 0.6637544802867384, 0.5028281810035842, 0.5415686603942653, 0.551509296594982, 0.525453629032258, 0.5741207437275986, 0.6764392921146953]
------------------------------------------------
