Classifier Results
------------------------------------------------
Dataset: gym movements az
Classifier: AdaBoost
------------------------------------------------
Summary Stats
------------------------------------------------
Mean Train time: 0.19295713901519776, Standard Deviation: 0.004855699571094245
Mean Accuracy: 0.1611111111111111, Standard Deviation: 0.06060395619242064
Mean Balanced Accuracy: 0.159375, Standard Deviation: 0.06169797909980521
Mean Precision: 0.16074845679012345, Standard Deviation: 0.07364137905869886
Mean Recall: 0.1611111111111111, Standard Deviation: 0.06060395619242064
Mean F1 Score: 0.14916000666000667, Standard Deviation: 0.06291012615331187
Mean AUROC: 0.5624411962365591, Standard Deviation: 0.04014157341506691
Confusion Matrix:
 [[ 5  5  4  8  8  5  4  6]
 [ 7  2 11  9  6  2  2  6]
 [ 6  1  3 10 12  3  2  8]
 [ 5  4  8 12  6  1  2  7]
 [ 3  1  6 14  7  2  3  9]
 [ 3  7  5 10  4 11  1  4]
 [ 6  4  5  9  6  2 10  3]
 [ 6  6  4  8  6  5  2  8]]
------------------------------------------------
Fold Results
------------------------------------------------
Train time: [0.190032958984375, 0.18903303146362305, 0.1945338249206543, 0.18903326988220215, 0.18826556205749512, 0.1900331974029541, 0.19653534889221191, 0.20153594017028809, 0.2010354995727539, 0.18953275680541992]
Accuracy: [0.16666666666666666, 0.08333333333333333, 0.3055555555555556, 0.1388888888888889, 0.1388888888888889, 0.16666666666666666, 0.08333333333333333, 0.19444444444444445, 0.19444444444444445, 0.1388888888888889]
Balanced Accuracy: [0.175, 0.0875, 0.3125, 0.125, 0.1375, 0.1625, 0.0875, 0.1875, 0.1875, 0.13125]
Precision: [0.18364197530864196, 0.03958333333333333, 0.31527777777777777, 0.1273148148148148, 0.16203703703703703, 0.18865740740740738, 0.05941358024691358, 0.16975308641975306, 0.1486111111111111, 0.21319444444444444]
Recall: [0.16666666666666666, 0.08333333333333333, 0.3055555555555556, 0.1388888888888889, 0.1388888888888889, 0.16666666666666666, 0.08333333333333333, 0.19444444444444445, 0.19444444444444445, 0.1388888888888889]
F1 Score: [0.1645807895807896, 0.05311355311355312, 0.29475308641975306, 0.12796231546231546, 0.14562289562289565, 0.1672008547008547, 0.06505223171889837, 0.17464387464387462, 0.16358024691358025, 0.13509021842355176]
AUROC: [0.5769489247311828, 0.5302979390681003, 0.6255740367383512, 0.5198252688172043, 0.6020805331541219, 0.5795250896057347, 0.48506104390681, 0.5636480734767024, 0.5939460125448028, 0.5475050403225806]
------------------------------------------------
