Classifier Results
------------------------------------------------
Dataset: gym movements gz
Classifier: Random Forest
------------------------------------------------
Train time: 0.14652562141418457
Accuracy: 0.6521739130434783
Balanced Accuracy: 0.6521739130434783
Precision: 0.6480183474991827
Recall: 0.6521739130434783
F1 Score: 0.645249624711167
AUROC: 0.9321158520118822
Confusion Matrix:
 [[ 6  2 11  1  2  0  0  1]
 [ 0 18  0  0  2  0  0  3]
 [ 4  0 15  0  3  1  0  0]
 [ 4  0  0 17  0  0  1  1]
 [ 1  1  2  1 18  0  0  0]
 [ 1  0  0  0  0 22  0  0]
 [ 0  2  0  0  0  0 15  6]
 [ 0  7  0  0  0  0  7  9]]
------------------------------------------------
