Classifier Results
------------------------------------------------
Dataset: gym movements az
Classifier: Random Forest
------------------------------------------------
Train time: 0.14702606201171875
Accuracy: 0.3858695652173913
Balanced Accuracy: 0.3858695652173913
Precision: 0.38529589405470155
Recall: 0.3858695652173913
F1 Score: 0.37710637939296476
AUROC: 0.7410714285714286
Confusion Matrix:
 [[ 5  2  2  0  3  4  3  4]
 [ 1  9  2  5  2  3  0  1]
 [ 8  1  5  2  3  1  0  3]
 [ 5  4  0  4  2  6  1  1]
 [ 5  2  3  2  7  2  0  2]
 [ 1  1  2  1  0 18  0  0]
 [ 2  2  1  1  0  1 16  0]
 [ 2  1  3  4  0  5  1  7]]
------------------------------------------------
