Classifier Results
------------------------------------------------
Dataset: gym movements gx
Classifier: Random Forest
------------------------------------------------
Train time: 0.14821076393127441
Accuracy: 0.44565217391304346
Balanced Accuracy: 0.44565217391304346
Precision: 0.4535994098494099
Recall: 0.44565217391304346
F1 Score: 0.4367376931133397
AUROC: 0.7638401296246287
Confusion Matrix:
 [[ 3  3  3  3  0  4  5  2]
 [ 1 14  1  3  1  0  3  0]
 [ 2  0 12  4  0  2  2  1]
 [ 2  4  0 10  3  0  2  2]
 [ 0  9  1  2  8  1  2  0]
 [ 0  2  2  0  0 17  0  2]
 [ 3  4  1  3  0  1  9  2]
 [ 2  3  0  2  1  3  3  9]]
------------------------------------------------
