Classifier Results
------------------------------------------------
Dataset: gym movements ax
Classifier: Random Forest
------------------------------------------------
Train time: 0.14481830596923828
Accuracy: 0.5869565217391305
Balanced Accuracy: 0.5869565217391304
Precision: 0.5906154810102179
Recall: 0.5869565217391304
F1 Score: 0.5805056871233342
AUROC: 0.8724176343505267
Confusion Matrix:
 [[ 7  1  6  0  6  2  1  0]
 [ 0 10  0  2  4  1  4  2]
 [ 5  0 16  0  1  1  0  0]
 [ 0  0  0 19  2  2  0  0]
 [ 3  1  0  2 13  3  1  0]
 [ 1  3  0  2  0 16  0  1]
 [ 3  1  0  0  0  2 17  0]
 [ 2  3  3  1  0  1  3 10]]
------------------------------------------------
