Classifier Results
------------------------------------------------
Dataset: gym movements
Classifier: Random Forest
------------------------------------------------
Train time: 0.20353484153747559
Accuracy: 0.7554347826086957
Balanced Accuracy: 0.7554347826086957
Precision: 0.761433762285524
Recall: 0.7554347826086957
F1 Score: 0.7514039338768125
AUROC: 0.9500911423170402
Confusion Matrix:
 [[13  1  5  0  1  1  1  1]
 [ 0 20  0  1  1  1  0  0]
 [ 2  0 19  0  2  0  0  0]
 [ 0  1  0 18  3  1  0  0]
 [ 1  3  1  1 17  0  0  0]
 [ 0  1  0  0  0 21  0  1]
 [ 1  1  0  0  0  0 19  2]
 [ 1  2  4  0  0  1  3 12]]
------------------------------------------------
