Classifier Results
------------------------------------------------
Dataset: gym movements accel
Classifier: Random Forest
------------------------------------------------
Train time: 0.1770305633544922
Accuracy: 0.6358695652173914
Balanced Accuracy: 0.6358695652173914
Precision: 0.634707871392654
Recall: 0.6358695652173914
F1 Score: 0.6258684928149033
AUROC: 0.915743991358358
Confusion Matrix:
 [[ 6  1  7  0  2  1  2  4]
 [ 0 19  0  0  2  0  1  1]
 [ 6  0 17  0  0  0  0  0]
 [ 1  2  0 17  1  1  1  0]
 [ 1  1  1  0 17  0  2  1]
 [ 0  0  0  2  1 20  0  0]
 [ 1  5  0  0  0  1 15  1]
 [ 5  9  2  1  0  0  0  6]]
------------------------------------------------
