Classifier Results
------------------------------------------------
Dataset: gym movements gy
Classifier: Random Forest
------------------------------------------------
Train time: 0.1525270938873291
Accuracy: 0.3695652173913043
Balanced Accuracy: 0.3695652173913044
Precision: 0.3588501082251082
Recall: 0.3695652173913044
F1 Score: 0.35519740618003587
AUROC: 0.7313495814204699
Confusion Matrix:
 [[14  0  2  2  1  1  1  2]
 [ 3  7  1  1  1  1  4  5]
 [ 3  6  9  0  1  2  2  0]
 [ 3  5  2  5  0  3  1  4]
 [ 7  1  1  2  2  3  5  2]
 [ 1  0  1  2  2 11  5  1]
 [ 4  2  1  2  4  2  7  1]
 [ 5  1  1  1  1  1  0 13]]
------------------------------------------------
