Classifier Results
------------------------------------------------
Dataset: gym movements gyro
Classifier: Random Forest
------------------------------------------------
Train time: 0.17653107643127441
Accuracy: 0.7010869565217391
Balanced Accuracy: 0.7010869565217391
Precision: 0.7035348397229956
Recall: 0.7010869565217391
F1 Score: 0.7000570288949912
AUROC: 0.9348669997299486
Confusion Matrix:
 [[12  0  3  1  3  0  0  4]
 [ 0 21  0  0  0  0  1  1]
 [ 5  0 14  1  1  2  0  0]
 [ 2  0  2 18  1  0  0  0]
 [ 3  3  2  0 15  0  0  0]
 [ 1  0  0  0  1 20  1  0]
 [ 0  2  0  0  0  0 16  5]
 [ 0  3  0  0  0  1  6 13]]
------------------------------------------------
