Classifier Results
------------------------------------------------
Dataset: gym movements ay
Classifier: Random Forest
------------------------------------------------
Train time: 0.1480245590209961
Accuracy: 0.6467391304347826
Balanced Accuracy: 0.6467391304347826
Precision: 0.6599291885333075
Recall: 0.6467391304347826
F1 Score: 0.6359321887182097
AUROC: 0.9038786119362678
Confusion Matrix:
 [[ 4  4  8  0  1  1  1  4]
 [ 0 19  0  0  2  1  0  1]
 [ 4  0 16  0  2  0  0  1]
 [ 0  2  1 18  0  0  2  0]
 [ 1  1  5  0 16  0  0  0]
 [ 0  0  3  0  0 20  0  0]
 [ 0  5  0  3  0  0 14  1]
 [ 0  8  0  2  0  0  1 12]]
------------------------------------------------
