Classifier Results
------------------------------------------------
Dataset: Harry_gym_movements_az
Classifier: KNeighborsTimeSeriesClassifier()
------------------------------------------------
Train time: 0.2159888744354248
Accuracy: 0.5182926829268293
Balanced Accuracy: 0.5132246376811594
Precision: 0.5009180965737228
Recall: 0.5132246376811594
F1 Score: 0.4897339705813669
AUROC: 0.7220460317731325
Confusion Matrix:
 [[ 4  3  7  2  2  2  1  2]
 [ 2  4  7  1  2  1  3  0]
 [ 2  3 14  1  0  1  1  1]
 [ 1  0  2  9  5  2  0  1]
 [ 2  2  7  1  7  0  0  1]
 [ 0  0  0  0  0 18  2  0]
 [ 0  0  0  0  0  1 22  0]
 [ 0  0  1  2  0  5  0  7]]
------------------------------------------------
