Classifier Results
------------------------------------------------
Dataset: Harry_gym_movements_gz
Classifier: KNeighborsTimeSeriesClassifier()
------------------------------------------------
Train time: 0.18248414993286133
Accuracy: 0.9024390243902439
Balanced Accuracy: 0.9072463768115941
Precision: 0.9006471824566453
Recall: 0.9072463768115941
F1 Score: 0.8998935531101859
AUROC: 0.9466961596125815
Confusion Matrix:
 [[15  0  3  0  2  0  0  3]
 [ 0 20  0  0  0  0  0  0]
 [ 2  0 20  0  1  0  0  0]
 [ 0  0  0 20  0  0  0  0]
 [ 0  0  0  0 20  0  0  0]
 [ 0  0  0  0  0 20  0  0]
 [ 0  1  0  0  0  0 20  2]
 [ 0  1  0  0  0  0  1 13]]
------------------------------------------------
