Classifier Results
------------------------------------------------
Dataset: Harry_gym_movements_gy
Classifier: KNeighborsTimeSeriesClassifier()
------------------------------------------------
Train time: 0.19110989570617676
Accuracy: 0.5304878048780488
Balanced Accuracy: 0.5278985507246376
Precision: 0.540675669909541
Recall: 0.5278985507246376
F1 Score: 0.5202581347531038
AUROC: 0.7302670340213063
Confusion Matrix:
 [[11  0  2  4  4  0  1  1]
 [ 3  6  2  2  2  0  3  2]
 [ 1  0 19  0  1  0  1  1]
 [ 2  3  0  9  0  1  2  3]
 [ 5  0  3  1 10  0  1  0]
 [ 3  1  0  0  1  7  8  0]
 [ 0  2  2  0  1  2 15  1]
 [ 2  0  0  2  1  0  0 10]]
------------------------------------------------
