Classifier Results
------------------------------------------------
Dataset: Harry_gym_movements_gx
Classifier: KNeighborsTimeSeriesClassifier()
------------------------------------------------
Train time: 0.19922113418579102
Accuracy: 0.5853658536585366
Balanced Accuracy: 0.5960144927536232
Precision: 0.59068890686054
Recall: 0.5960144927536232
F1 Score: 0.5884986419669408
AUROC: 0.7683260804677567
Confusion Matrix:
 [[ 7  2  5  6  1  2  0  0]
 [ 1 15  0  0  4  0  0  0]
 [ 4  3 10  4  1  1  0  0]
 [ 2  0  0 14  2  0  2  0]
 [ 1  4  0  3  9  1  0  2]
 [ 1  2  3  0  0 14  0  0]
 [ 3  0  1  0  0  0 16  3]
 [ 1  0  0  0  0  1  2 11]]
------------------------------------------------
