Classifier Results
------------------------------------------------
Dataset: Harry_gym_movements
Classifier: KNeighborsTimeSeriesClassifier()
------------------------------------------------
Train time: 1.1616871356964111
Accuracy: 0.9817073170731707
Balanced Accuracy: 0.9836956521739131
Precision: 0.9839015151515151
Recall: 0.9836956521739131
F1 Score: 0.9836879432624113
AUROC: 0.990518038852914
Confusion Matrix:
 [[22  0  1  0  0  0  0  0]
 [ 0 20  0  0  0  0  0  0]
 [ 2  0 21  0  0  0  0  0]
 [ 0  0  0 20  0  0  0  0]
 [ 0  0  0  0 20  0  0  0]
 [ 0  0  0  0  0 20  0  0]
 [ 0  0  0  0  0  0 23  0]
 [ 0  0  0  0  0  0  0 15]]
------------------------------------------------
