Classifier Results
------------------------------------------------
Dataset: Harry_gym_movements_ay
Classifier: KNeighborsTimeSeriesClassifier()
------------------------------------------------
Train time: 0.20917487144470215
Accuracy: 0.7771739130434783
Balanced Accuracy: 0.7771739130434783
Precision: 0.7663811551826426
Recall: 0.7771739130434783
F1 Score: 0.7629655063606471
AUROC: 0.8726708074534162
Confusion Matrix:
 [[ 6  1  8  0  3  4  1  0]
 [ 1 19  0  0  0  0  3  0]
 [ 2  0 19  0  2  0  0  0]
 [ 2  1  0 19  0  0  1  0]
 [ 0  0  0  0 22  0  0  1]
 [ 0  0  0  0  0 23  0  0]
 [ 1  2  0  1  0  0 18  1]
 [ 0  5  0  1  0  0  0 17]]
------------------------------------------------
