Classifier Results
------------------------------------------------
Dataset: Harry_gym_movements_gyro
Classifier: KNeighborsTimeSeriesClassifier()
------------------------------------------------
Train time: 0.6163251399993896
Accuracy: 0.9456521739130435
Balanced Accuracy: 0.9456521739130435
Precision: 0.9466304347826087
Recall: 0.9456521739130435
F1 Score: 0.9446970016137104
AUROC: 0.968944099378882
Confusion Matrix:
 [[18  0  2  0  1  2  0  0]
 [ 0 23  0  0  0  0  0  0]
 [ 1  0 21  0  1  0  0  0]
 [ 1  0  0 22  0  0  0  0]
 [ 0  0  0  0 23  0  0  0]
 [ 0  0  0  0  0 23  0  0]
 [ 0  0  0  0  0  0 23  0]
 [ 0  0  0  0  0  0  2 21]]
------------------------------------------------
