Classifier Results
------------------------------------------------
Dataset: Harry_gym_movements_ax
Classifier: KNeighborsTimeSeriesClassifier()
------------------------------------------------
Train time: 0.19370818138122559
Accuracy: 0.676829268292683
Balanced Accuracy: 0.6816123188405797
Precision: 0.6876847961406785
Recall: 0.6816123188405797
F1 Score: 0.6821132918320804
AUROC: 0.8176155154304124
Confusion Matrix:
 [[10  1  8  0  3  0  1  0]
 [ 1 13  0  0  1  2  2  1]
 [ 3  0 17  0  1  0  0  2]
 [ 2  0  0 16  0  2  0  0]
 [ 4  0  2  0 14  0  0  0]
 [ 1  0  0  4  1 14  0  0]
 [ 0  1  0  1  4  1 16  0]
 [ 0  2  0  0  0  1  1 11]]
------------------------------------------------
