Classifier Results
------------------------------------------------
Dataset: Harry_gym_movements_accel
Classifier: KNeighborsTimeSeriesClassifier()
------------------------------------------------
Train time: 0.5988421440124512
Accuracy: 0.9619565217391305
Balanced Accuracy: 0.9619565217391304
Precision: 0.9621829710144927
Recall: 0.9619565217391304
F1 Score: 0.9619539521019632
AUROC: 0.9782608695652173
Confusion Matrix:
 [[20  0  3  0  0  0  0  0]
 [ 0 23  0  0  0  0  0  0]
 [ 3  0 20  0  0  0  0  0]
 [ 0  0  0 23  0  0  0  0]
 [ 0  0  0  0 23  0  0  0]
 [ 0  0  0  0  0 23  0  0]
 [ 0  0  0  0  0  0 23  0]
 [ 0  1  0  0  0  0  0 22]]
------------------------------------------------
