Classifier Results
------------------------------------------------
Dataset: independent
Classifier: Rocket
------------------------------------------------
Train time: 4.306219577789307
Accuracy: 0.5625
Balanced Accuracy: 0.5625
Precision: 0.5087962962962963
Recall: 0.5625
F1 Score: 0.5085429320723438
AUROC: 0.75
Confusion Matrix:
 [[ 8  0  1  0  0  0  0  1]
 [ 0  0  0  0  0  0  0 10]
 [ 7  0  2  0  0  0  0  1]
 [ 0  0  0 10  0  0  0  0]
 [ 1  0  7  0  0  0  0  2]
 [ 0  0  0  0  2  8  0  0]
 [ 0  0  0  0  0  0  7  3]
 [ 0  0  0  0  0  0  0 10]]
------------------------------------------------
