Classifier Results
------------------------------------------------
Dataset: independent
Classifier: AdaBoost
------------------------------------------------
Train time: 0.9840664863586426
Accuracy: 0.175
Balanced Accuracy: 0.175
Precision: 0.1837797619047619
Recall: 0.175
F1 Score: 0.15933170806522948
AUROC: 0.5466071428571428
Confusion Matrix:
 [[2 1 2 1 1 1 1 1]
 [5 5 0 0 0 0 0 0]
 [3 2 0 1 1 1 1 1]
 [5 2 0 0 1 0 1 1]
 [2 1 1 0 3 0 2 1]
 [0 3 2 2 1 2 0 0]
 [0 7 1 0 2 0 0 0]
 [4 3 0 1 0 0 0 2]]
------------------------------------------------
