Classifier Results
------------------------------------------------
Dataset: gym movements gx
Classifier: Boss
------------------------------------------------
Train time: 59.904661417007446
Accuracy: 0.7010869565217391
Balanced Accuracy: 0.7010869565217391
Precision: 0.7107110905914675
Recall: 0.7010869565217391
F1 Score: 0.6901222593083058
AUROC: 0.9147819335673779
Confusion Matrix:
 [[10  1  4  2  0  0  3  3]
 [ 0 21  0  0  0  2  0  0]
 [ 0  3 14  0  1  0  2  3]
 [ 0  0  0 23  0  0  0  0]
 [ 0  6  0  1 15  1  0  0]
 [ 1  1  1  0  2 17  0  1]
 [ 0  0  0  0  1  0 19  3]
 [ 1  0  1  5  0  1  5 10]]
------------------------------------------------
