Classifier Results
------------------------------------------------
Dataset: gym movements gyro
Classifier: Boss
------------------------------------------------
Train time: 310.543199300766
Accuracy: 0.9402173913043478
Balanced Accuracy: 0.9402173913043478
Precision: 0.9468452380952381
Recall: 0.9402173913043478
F1 Score: 0.9385841304606949
AUROC: 0.9945314609775857
Confusion Matrix:
 [[19  0  1  1  0  2  0  0]
 [ 0 23  0  0  0  0  0  0]
 [ 0  0 22  0  0  0  0  1]
 [ 0  0  0 23  0  0  0  0]
 [ 0  0  0  0 23  0  0  0]
 [ 0  0  0  0  0 23  0  0]
 [ 0  0  1  0  1  0 17  4]
 [ 0  0  0  0  0  0  0 23]]
------------------------------------------------
