Classifier Results
------------------------------------------------
Dataset: gym movements az
Classifier: Boss
------------------------------------------------
Train time: 59.92383289337158
Accuracy: 0.5543478260869565
Balanced Accuracy: 0.5543478260869565
Precision: 0.5365896521778875
Recall: 0.5543478260869565
F1 Score: 0.5385151941310761
AUROC: 0.8252092897650554
Confusion Matrix:
 [[ 3  1  2  3  2  4  5  3]
 [ 0 13  2  0  2  1  2  3]
 [ 7  0 12  1  0  1  0  2]
 [ 4  0  0 16  0  2  0  1]
 [ 0  2  2  5  8  4  2  0]
 [ 1  0  4  0  0 14  4  0]
 [ 0  2  0  0  0  0 20  1]
 [ 0  0  2  0  5  0  0 16]]
------------------------------------------------
