Classifier Results
------------------------------------------------
Dataset: gym movements gy
Classifier: Boss
------------------------------------------------
Train time: 60.069578409194946
Accuracy: 0.42391304347826086
Balanced Accuracy: 0.42391304347826086
Precision: 0.4063171653796654
Recall: 0.42391304347826086
F1 Score: 0.4038535352457383
AUROC: 0.7547934107480422
Confusion Matrix:
 [[ 2  1  5  4  2  2  3  4]
 [ 5  6  1  1  2  1  4  3]
 [ 2  0 19  0  1  0  0  1]
 [ 3  2  0 11  2  2  1  2]
 [ 0  0  5  1  7  1  4  5]
 [ 0  4  4  2  0  8  4  1]
 [ 0  2  3  1  1  1 14  1]
 [ 4  1  0  5  1  1  0 11]]
------------------------------------------------
