Classifier Results
------------------------------------------------
Dataset: gym movements
Classifier: Boss
------------------------------------------------
Train time: 923.4279155731201
Accuracy: 0.967391304347826
Balanced Accuracy: 0.9673913043478262
Precision: 0.9684226190476191
Recall: 0.9673913043478262
F1 Score: 0.9671079142488717
AUROC: 0.9958817175263299
Confusion Matrix:
 [[21  0  1  0  0  0  1  0]
 [ 0 23  0  0  0  0  0  0]
 [ 0  0 22  0  0  0  0  1]
 [ 0  0  0 23  0  0  0  0]
 [ 0  0  0  0 23  0  0  0]
 [ 0  0  0  0  0 23  0  0]
 [ 0  1  1  0  0  0 20  1]
 [ 0  0  0  0  0  0  0 23]]
------------------------------------------------
