Classifier Results
------------------------------------------------
Dataset: gym movements ax
Classifier: Boss
------------------------------------------------
Train time: 59.678507804870605
Accuracy: 0.7391304347826086
Balanced Accuracy: 0.7391304347826086
Precision: 0.7525045630380298
Recall: 0.7391304347826086
F1 Score: 0.7320054747994564
AUROC: 0.9385970834458547
Confusion Matrix:
 [[12  0  5  0  0  3  3  0]
 [ 0 19  0  0  0  0  2  2]
 [ 0  0 22  0  0  0  0  1]
 [ 2  0  0 21  0  0  0  0]
 [ 0  0  4  6 11  2  0  0]
 [ 1  0  2  1  0 19  0  0]
 [ 4  2  0  0  0  0 14  3]
 [ 0  0  0  0  1  0  4 18]]
------------------------------------------------
