Classifier Results
------------------------------------------------
Dataset: gym movements ay
Classifier: Boss
------------------------------------------------
Train time: 59.47722840309143
Accuracy: 0.9293478260869565
Balanced Accuracy: 0.9293478260869565
Precision: 0.9360795454545454
Recall: 0.9293478260869565
F1 Score: 0.9276823058737952
AUROC: 0.98280110721037
Confusion Matrix:
 [[16  0  5  0  0  0  1  1]
 [ 0 21  0  0  0  0  1  1]
 [ 0  0 22  0  0  0  0  1]
 [ 0  0  0 23  0  0  0  0]
 [ 0  0  0  0 23  0  0  0]
 [ 0  0  0  0  0 23  0  0]
 [ 0  1  0  0  0  1 20  1]
 [ 0  0  0  0  0  0  0 23]]
------------------------------------------------
