Classifier Results
------------------------------------------------
Dataset: gym movements gz
Classifier: Boss
------------------------------------------------
Train time: 59.0832142829895
Accuracy: 0.8967391304347826
Balanced Accuracy: 0.8967391304347826
Precision: 0.8984841912473491
Recall: 0.8967391304347826
F1 Score: 0.8955864770150485
AUROC: 0.9928942749122334
Confusion Matrix:
 [[20  0  0  0  0  3  0  0]
 [ 0 23  0  0  0  0  0  0]
 [ 0  0 22  0  0  0  0  1]
 [ 0  0  0 23  0  0  0  0]
 [ 0  0  0  0 23  0  0  0]
 [ 0  0  0  0  0 23  0  0]
 [ 0  0  0  0  0  0 18  5]
 [ 1  0  0  0  0  0  9 13]]
------------------------------------------------
