Classifier Results
------------------------------------------------
Dataset: gym movements accel
Classifier: Boss
------------------------------------------------
Train time: 314.546758890152
Accuracy: 0.9130434782608695
Balanced Accuracy: 0.9130434782608696
Precision: 0.9291777832674573
Recall: 0.9130434782608696
F1 Score: 0.9086434793621425
AUROC: 0.9933499864974344
Confusion Matrix:
 [[12  0  9  0  1  0  1  0]
 [ 0 21  0  0  0  0  1  1]
 [ 0  0 22  0  0  0  0  1]
 [ 0  0  0 23  0  0  0  0]
 [ 0  0  0  0 23  0  0  0]
 [ 0  0  0  0  0 23  0  0]
 [ 0  1  1  0  0  0 21  0]
 [ 0  0  0  0  0  0  0 23]]
------------------------------------------------
