Classifier Results
------------------------------------------------
Dataset: Harry_gym_movements_gx
Classifier: GaussianNB()
------------------------------------------------
Train time: 0.0
Accuracy: 0.36220472440944884
Balanced Accuracy: 0.3550671550671551
Precision: 0.40589868625582914
Recall: 0.3550671550671551
F1 Score: 0.3592774776095344
AUROC: 0.7074958582785855
Confusion Matrix:
 [[ 7  3  7  1  1  1  0]
 [ 0 10  5  1  3  0  1]
 [ 4  0 11  1  1  2  1]
 [ 4  3  5  3  2  0  1]
 [ 0  1  5  3  4  0  0]
 [ 5  1  3  3  0  6  0]
 [ 4  3  1  4  0  1  5]]
------------------------------------------------
