Classifier Results
------------------------------------------------
Dataset: Harry_gym_movements_accel
Classifier: GaussianNB()
------------------------------------------------
Train time: 0.0
Accuracy: 0.6535433070866141
Balanced Accuracy: 0.6506105006105007
Precision: 0.7525215525215525
Recall: 0.6506105006105007
F1 Score: 0.6630744208134455
AUROC: 0.936923779697035
Confusion Matrix:
 [[15  3  1  0  1  0  0]
 [ 1 17  0  2  0  0  0]
 [11  0  9  0  0  0  0]
 [ 1  4  0 13  0  0  0]
 [ 4  0  0  1  8  0  0]
 [ 0  0  0 10  0  8  0]
 [ 1  2  0  1  0  1 13]]
------------------------------------------------
