Classifier Results
------------------------------------------------
Dataset: Harry_gym_movements_gy
Classifier: GaussianNB()
------------------------------------------------
Train time: 0.0009992122650146484
Accuracy: 0.34965034965034963
Balanced Accuracy: 0.34875776397515523
Precision: 0.3661312854364449
Recall: 0.34875776397515523
F1 Score: 0.34400254708935346
AUROC: 0.6809044084229662
Confusion Matrix:
 [[ 9  6  1  2  0  4  1]
 [ 1  6  7  0  1  1  4]
 [ 7  1  6  0  0  2  4]
 [ 3  9  1  5  0  1  1]
 [ 4  2  0  1  5  3  5]
 [ 1  1  1  2  0 14  1]
 [ 4  0  3  3  3  2  5]]
------------------------------------------------
