Classifier Results
------------------------------------------------
Dataset: Harry_gym_movements_ay
Classifier: GaussianNB()
------------------------------------------------
Train time: 0.008092403411865234
Accuracy: 0.6148148148148148
Balanced Accuracy: 0.6166666666666666
Precision: 0.6417242522832585
Recall: 0.6166666666666666
F1 Score: 0.6072464790523213
AUROC: 0.8538578329882677
Confusion Matrix:
 [[ 4  1  6  1  5  1  2]
 [ 1 15  1  0  3  0  0]
 [ 2  0 16  0  2  0  0]
 [ 3  1  3 10  2  0  1]
 [ 0  0  5  0 10  0  0]
 [ 0  0  3  0  1 16  0]
 [ 1  4  1  1  0  1 12]]
------------------------------------------------
