Classifier Results
------------------------------------------------
Dataset: Harry_gym_movements_az
Classifier: GaussianNB()
------------------------------------------------
Train time: 0.0
Accuracy: 0.36220472440944884
Balanced Accuracy: 0.36153846153846153
Precision: 0.398582809380772
Recall: 0.36153846153846153
F1 Score: 0.3631986457455632
AUROC: 0.7014481028086809
Confusion Matrix:
 [[ 9  2  5  1  1  2  0]
 [ 2  3  7  4  1  1  2]
 [10  5  4  0  0  1  0]
 [ 5  5  0  4  1  3  0]
 [ 4  2  1  1  3  1  1]
 [ 0  3  1  1  0 13  0]
 [ 1  2  1  0  0  4 10]]
------------------------------------------------
