Classifier Results
------------------------------------------------
Dataset: Harry_gym_movements_gz
Classifier: GaussianNB()
------------------------------------------------
Train time: 0.007998466491699219
Accuracy: 0.4782608695652174
Balanced Accuracy: 0.47826086956521735
Precision: 0.5101312219678588
Recall: 0.47826086956521735
F1 Score: 0.4891952954122968
AUROC: 0.8305428031325952
Confusion Matrix:
 [[ 3  0 14  1  4  1  0  0]
 [ 0 12  1  0  2  0  0  8]
 [ 6  0  5  1  3  8  0  0]
 [ 4  0  4 15  0  0  0  0]
 [ 3  0  8  0 12  0  0  0]
 [ 2  0  4  0  0 17  0  0]
 [ 0  1  0  0  0  0 15  7]
 [ 0  5  0  0  1  0  8  9]]
------------------------------------------------
