Classifier Results
------------------------------------------------
Dataset: Harry_gym_movements_ax
Classifier: GaussianNB()
------------------------------------------------
Train time: 0.0010025501251220703
Accuracy: 0.5034965034965035
Balanced Accuracy: 0.5049689440993789
Precision: 0.5383924564048786
Recall: 0.5049689440993789
F1 Score: 0.5116598014758266
AUROC: 0.8663876685350704
Confusion Matrix:
 [[10  1  3  0  9  0  0]
 [ 1  7  0  4  2  3  3]
 [ 8  0 10  0  2  0  0]
 [ 0  4  0 13  1  2  0]
 [ 3  2  0  1 11  3  0]
 [ 2  3  0  4  0 11  0]
 [ 1  5  0  1  1  2 10]]
------------------------------------------------
