Classifier Results
------------------------------------------------
Dataset: Harry_gym_movements_gyro
Classifier: GaussianNB()
------------------------------------------------
Train time: 0.0
Accuracy: 0.5925925925925926
Balanced Accuracy: 0.5928571428571429
Precision: 0.6860559608458768
Recall: 0.5928571428571429
F1 Score: 0.6203227370426859
AUROC: 0.8681228433402346
Confusion Matrix:
 [[11  0  5  3  1  0  0]
 [ 2 13  4  0  1  0  0]
 [ 6  0  9  0  3  2  0]
 [ 3  0  6 10  1  0  0]
 [ 1  0  5  0  9  0  0]
 [ 2  0  4  0  0 14  0]
 [ 1  0  2  0  2  1 14]]
------------------------------------------------
