Classifier Results
------------------------------------------------
Dataset: Harry_gym_movements
Classifier: GaussianNB()
------------------------------------------------
Train time: 0.0
Accuracy: 0.725925925925926
Balanced Accuracy: 0.7238095238095238
Precision: 0.785782599753188
Recall: 0.7238095238095238
F1 Score: 0.7331859109102485
AUROC: 0.9464751552795031
Confusion Matrix:
 [[16  1  0  0  3  0  0]
 [ 1 14  0  4  0  0  1]
 [ 8  0 11  0  1  0  0]
 [ 2  0  0 16  2  0  0]
 [ 5  0  0  0 10  0  0]
 [ 0  0  0  4  0 16  0]
 [ 1  0  0  2  1  1 15]]
------------------------------------------------
