Classifier Results
------------------------------------------------
Dataset: gym movements az
Classifier: Rocket
------------------------------------------------
Summary Stats
------------------------------------------------
Mean Train time: 0.4110711097717285, Standard Deviation: 0.012846484440719914
Mean Accuracy: 0.763888888888889, Standard Deviation: 0.05159493228057421
Mean Balanced Accuracy: 0.763125, Standard Deviation: 0.056002929610869445
Mean Precision: 0.7683531746031746, Standard Deviation: 0.06818593345627814
Mean Recall: 0.763888888888889, Standard Deviation: 0.05159493228057421
Mean F1 Score: 0.7517917267917269, Standard Deviation: 0.05577223585337872
Mean AUROC: 0.8651209677419354, Standard Deviation: 0.029528892335647126
Confusion Matrix:
 [[15  3 13  8  3  0  0  3]
 [ 2 38  0  2  3  0  0  0]
 [ 6  0 33  0  1  3  0  2]
 [ 3  3  1 33  1  0  0  4]
 [ 2  4  1  4 34  0  0  0]
 [ 0  0  2  0  0 43  0  0]
 [ 0  0  2  0  0  0 43  0]
 [ 6  0  1  1  1  0  0 36]]
------------------------------------------------
Fold Results
------------------------------------------------
Train time: [0.39630746841430664, 0.40315914154052734, 0.43607640266418457, 0.4220752716064453, 0.4000396728515625, 0.42226719856262207, 0.41707301139831543, 0.40157127380371094, 0.4160728454589844, 0.396068811416626]
Accuracy: [0.7222222222222222, 0.75, 0.8333333333333334, 0.7222222222222222, 0.8055555555555556, 0.8611111111111112, 0.7222222222222222, 0.7777777777777778, 0.75, 0.6944444444444444]
Balanced Accuracy: [0.7375, 0.76875, 0.8375, 0.71875, 0.80625, 0.8687499999999999, 0.71875, 0.75625, 0.74375, 0.675]
Precision: [0.7734126984126983, 0.6888888888888889, 0.8398148148148148, 0.7333333333333333, 0.7936507936507936, 0.8898148148148147, 0.765542328042328, 0.7777777777777778, 0.787037037037037, 0.6342592592592593]
Recall: [0.7222222222222222, 0.75, 0.8333333333333334, 0.7222222222222222, 0.8055555555555556, 0.8611111111111112, 0.7222222222222222, 0.7777777777777778, 0.75, 0.6944444444444444]
F1 Score: [0.697651114317781, 0.7160493827160495, 0.8271404521404522, 0.7234648067981401, 0.7869708994708995, 0.8496312329645663, 0.7271925605258939, 0.7728074394741061, 0.75755772005772, 0.6594516594516594]
AUROC: [0.8412298387096775, 0.8568548387096775, 0.904233870967742, 0.8412298387096775, 0.888608870967742, 0.9208669354838711, 0.841733870967742, 0.873991935483871, 0.8578629032258065, 0.8245967741935485]
------------------------------------------------
