Classifier Results
------------------------------------------------
Dataset: gym movements accel
Classifier: Rocket
------------------------------------------------
Summary Stats
------------------------------------------------
Mean Train time: 0.8581827402114868, Standard Deviation: 0.020890061249165606
Mean Accuracy: 0.9888888888888889, Standard Deviation: 0.013608276348795441
Mean Balanced Accuracy: 0.9875, Standard Deviation: 0.015309310892394862
Mean Precision: 0.9909259259259258, Standard Deviation: 0.011117282236891532
Mean Recall: 0.9888888888888889, Standard Deviation: 0.013608276348795441
Mean F1 Score: 0.988656405323072, Standard Deviation: 0.01389329273455657
Mean AUROC: 0.9936491935483872, Standard Deviation: 0.007779750557086584
Confusion Matrix:
 [[45  0  0  0  0  0  0  0]
 [ 0 45  0  0  0  0  0  0]
 [ 2  0 42  0  0  0  0  1]
 [ 0  0  0 45  0  0  0  0]
 [ 0  0  0  0 45  0  0  0]
 [ 0  0  0  0  0 45  0  0]
 [ 0  0  0  0  0  0 45  0]
 [ 0  0  1  0  0  0  0 44]]
------------------------------------------------
Fold Results
------------------------------------------------
Train time: [0.854945182800293, 0.8977844715118408, 0.8663687705993652, 0.8629188537597656, 0.8530080318450928, 0.8193881511688232, 0.8641514778137207, 0.8356928825378418, 0.8470554351806641, 0.8805141448974609]
Accuracy: [1.0, 1.0, 1.0, 1.0, 0.9722222222222222, 0.9722222222222222, 0.9722222222222222, 1.0, 1.0, 0.9722222222222222]
Balanced Accuracy: [1.0, 1.0, 1.0, 1.0, 0.96875, 0.96875, 0.96875, 1.0, 1.0, 0.96875]
Precision: [1.0, 1.0, 1.0, 1.0, 0.976851851851852, 0.9777777777777779, 0.9777777777777779, 1.0, 1.0, 0.976851851851852]
Recall: [1.0, 1.0, 1.0, 1.0, 0.9722222222222222, 0.9722222222222222, 0.9722222222222222, 1.0, 1.0, 0.9722222222222222]
F1 Score: [1.0, 1.0, 1.0, 1.0, 0.9715007215007216, 0.9717813051146386, 0.9717813051146386, 1.0, 1.0, 0.9715007215007216]
AUROC: [1.0, 1.0, 1.0, 1.0, 0.9838709677419355, 0.984375, 0.984375, 1.0, 1.0, 0.9838709677419355]
------------------------------------------------
