Classifier Results
------------------------------------------------
Dataset: gym movements
Classifier: Rocket
------------------------------------------------
Summary Stats
------------------------------------------------
Mean Train time: 1.2305988550186158, Standard Deviation: 0.03606664835604675
Mean Accuracy: 0.9916666666666666, Standard Deviation: 0.012729376930432895
Mean Balanced Accuracy: 0.990625, Standard Deviation: 0.014320549046737002
Mean Precision: 0.993148148148148, Standard Deviation: 0.010469106685261114
Mean Recall: 0.9916666666666666, Standard Deviation: 0.012729376930432895
Mean F1 Score: 0.9914782748116082, Standard Deviation: 0.013017351839476677
Mean AUROC: 0.9952116935483872, Standard Deviation: 0.007315416607533664
Confusion Matrix:
 [[45  0  0  0  0  0  0  0]
 [ 0 45  0  0  0  0  0  0]
 [ 1  0 43  0  0  0  0  1]
 [ 0  0  0 45  0  0  0  0]
 [ 0  0  0  0 45  0  0  0]
 [ 0  0  0  0  0 45  0  0]
 [ 0  0  0  0  0  0 45  0]
 [ 0  0  1  0  0  0  0 44]]
------------------------------------------------
Fold Results
------------------------------------------------
Train time: [1.1824586391448975, 1.26151442527771, 1.1703572273254395, 1.2719643115997314, 1.224147081375122, 1.2675983905792236, 1.2734131813049316, 1.1968238353729248, 1.2302939891815186, 1.2274174690246582]
Accuracy: [1.0, 1.0, 1.0, 1.0, 0.9722222222222222, 0.9722222222222222, 1.0, 1.0, 1.0, 0.9722222222222222]
Balanced Accuracy: [1.0, 1.0, 1.0, 1.0, 0.96875, 0.96875, 1.0, 1.0, 1.0, 0.96875]
Precision: [1.0, 1.0, 1.0, 1.0, 0.976851851851852, 0.9777777777777779, 1.0, 1.0, 1.0, 0.976851851851852]
Recall: [1.0, 1.0, 1.0, 1.0, 0.9722222222222222, 0.9722222222222222, 1.0, 1.0, 1.0, 0.9722222222222222]
F1 Score: [1.0, 1.0, 1.0, 1.0, 0.9715007215007216, 0.9717813051146386, 1.0, 1.0, 1.0, 0.9715007215007216]
AUROC: [1.0, 1.0, 1.0, 1.0, 0.9838709677419355, 0.984375, 1.0, 1.0, 1.0, 0.9838709677419355]
------------------------------------------------
