Classifier Results
------------------------------------------------
Dataset: gym movements gz
Classifier: Rocket
------------------------------------------------
Summary Stats
------------------------------------------------
Mean Train time: 0.48983588218688967, Standard Deviation: 0.025554600295930586
Mean Accuracy: 0.961111111111111, Standard Deviation: 0.02545875386086579
Mean Balanced Accuracy: 0.9612499999999999, Standard Deviation: 0.025433737436719766
Mean Precision: 0.9691666666666666, Standard Deviation: 0.019396103931888675
Mean Recall: 0.961111111111111, Standard Deviation: 0.02545875386086579
Mean F1 Score: 0.9605673801507135, Standard Deviation: 0.025937024160629863
Mean AUROC: 0.9778729838709678, Standard Deviation: 0.01443231924335779
Confusion Matrix:
 [[41  0  0  4  0  0  0  0]
 [ 0 45  0  0  0  0  0  0]
 [ 1  0 44  0  0  0  0  0]
 [ 0  0  0 45  0  0  0  0]
 [ 0  0  0  0 45  0  0  0]
 [ 1  0  0  0  0 44  0  0]
 [ 0  0  0  0  0  0 42  3]
 [ 0  0  1  0  0  0  4 40]]
------------------------------------------------
Fold Results
------------------------------------------------
Train time: [0.42807531356811523, 0.48708534240722656, 0.5095889568328857, 0.5040884017944336, 0.5145895481109619, 0.4995887279510498, 0.5160906314849854, 0.4690818786621094, 0.49608683586120605, 0.47408318519592285]
Accuracy: [0.9722222222222222, 0.9444444444444444, 0.9722222222222222, 1.0, 0.9444444444444444, 0.9722222222222222, 0.9444444444444444, 0.9444444444444444, 0.9166666666666666, 1.0]
Balanced Accuracy: [0.975, 0.94375, 0.975, 1.0, 0.94375, 0.96875, 0.94375, 0.94375, 0.91875, 1.0]
Precision: [0.9777777777777779, 0.9546296296296296, 0.9777777777777779, 1.0, 0.9546296296296296, 0.976851851851852, 0.9546296296296296, 0.9546296296296296, 0.9407407407407405, 1.0]
Recall: [0.9722222222222222, 0.9444444444444444, 0.9722222222222222, 1.0, 0.9444444444444444, 0.9722222222222222, 0.9444444444444444, 0.9444444444444444, 0.9166666666666666, 1.0]
F1 Score: [0.9722222222222222, 0.9437229437229439, 0.9722222222222222, 1.0, 0.9437229437229439, 0.9715007215007216, 0.9437229437229439, 0.9437229437229439, 0.914836860670194, 1.0]
AUROC: [0.984375, 0.9682459677419355, 0.984375, 1.0, 0.9682459677419355, 0.9838709677419355, 0.9682459677419355, 0.9682459677419355, 0.953125, 1.0]
------------------------------------------------
