Classifier Results
------------------------------------------------
Dataset: gym movements ay
Classifier: Rocket
------------------------------------------------
Summary Stats
------------------------------------------------
Mean Train time: 0.40882437229156493, Standard Deviation: 0.014699131255832913
Mean Accuracy: 0.986111111111111, Standard Deviation: 0.013888888888888895
Mean Balanced Accuracy: 0.985, Standard Deviation: 0.015103807466993215
Mean Precision: 0.9887037037037038, Standard Deviation: 0.01130084911288318
Mean Recall: 0.986111111111111, Standard Deviation: 0.013888888888888895
Mean F1 Score: 0.9858786275452942, Standard Deviation: 0.014122608010744662
Mean AUROC: 0.9920866935483872, Standard Deviation: 0.007915232455158768
Confusion Matrix:
 [[43  0  1  1  0  0  0  0]
 [ 0 45  0  0  0  0  0  0]
 [ 1  0 44  0  0  0  0  0]
 [ 0  0  0 45  0  0  0  0]
 [ 0  0  0  0 45  0  0  0]
 [ 0  0  0  0  0 45  0  0]
 [ 0  0  0  0  0  0 44  1]
 [ 0  0  1  0  0  0  0 44]]
------------------------------------------------
Fold Results
------------------------------------------------
Train time: [0.38506627082824707, 0.3985707759857178, 0.44107699394226074, 0.406810998916626, 0.40573668479919434, 0.4265754222869873, 0.407071590423584, 0.41257333755493164, 0.40569567680358887, 0.3990659713745117]
Accuracy: [1.0, 0.9722222222222222, 1.0, 1.0, 0.9722222222222222, 1.0, 0.9722222222222222, 0.9722222222222222, 0.9722222222222222, 1.0]
Balanced Accuracy: [1.0, 0.975, 1.0, 1.0, 0.96875, 1.0, 0.96875, 0.96875, 0.96875, 1.0]
Precision: [1.0, 0.9777777777777779, 1.0, 1.0, 0.976851851851852, 1.0, 0.976851851851852, 0.9777777777777779, 0.9777777777777779, 1.0]
Recall: [1.0, 0.9722222222222222, 1.0, 1.0, 0.9722222222222222, 1.0, 0.9722222222222222, 0.9722222222222222, 0.9722222222222222, 1.0]
F1 Score: [1.0, 0.9722222222222222, 1.0, 1.0, 0.9715007215007216, 1.0, 0.9715007215007216, 0.9717813051146386, 0.9717813051146386, 1.0]
AUROC: [1.0, 0.984375, 1.0, 1.0, 0.9838709677419355, 1.0, 0.9838709677419355, 0.984375, 0.984375, 1.0]
------------------------------------------------
