Classifier Results
------------------------------------------------
Dataset: gym movements ax
Classifier: Rocket
------------------------------------------------
Summary Stats
------------------------------------------------
Mean Train time: 0.4099555015563965, Standard Deviation: 0.012036858978887484
Mean Accuracy: 0.9611111111111109, Standard Deviation: 0.03333333333333335
Mean Balanced Accuracy: 0.96, Standard Deviation: 0.03526683994916472
Mean Precision: 0.9689583333333334, Standard Deviation: 0.026556172590202123
Mean Recall: 0.9611111111111109, Standard Deviation: 0.03333333333333335
Mean F1 Score: 0.9611100473600473, Standard Deviation: 0.03314891216757634
Mean AUROC: 0.9777217741935484, Standard Deviation: 0.019079868006969314
Confusion Matrix:
 [[40  0  3  0  1  0  0  1]
 [ 0 45  0  0  0  0  0  0]
 [ 2  0 42  0  0  0  0  1]
 [ 0  0  0 45  0  0  0  0]
 [ 1  0  0  0 44  0  0  0]
 [ 0  0  0  1  0 44  0  0]
 [ 0  0  0  0  0  1 43  1]
 [ 0  0  1  0  0  0  1 43]]
------------------------------------------------
Fold Results
------------------------------------------------
Train time: [0.3935689926147461, 0.3952639102935791, 0.4254767894744873, 0.4088134765625, 0.41631603240966797, 0.3995702266693115, 0.397829532623291, 0.41806745529174805, 0.41707277297973633, 0.42757582664489746]
Accuracy: [0.9444444444444444, 0.9722222222222222, 1.0, 0.9722222222222222, 0.9166666666666666, 0.9166666666666666, 1.0, 1.0, 0.9166666666666666, 0.9722222222222222]
Balanced Accuracy: [0.94375, 0.975, 1.0, 0.975, 0.91875, 0.90625, 1.0, 1.0, 0.9125, 0.96875]
Precision: [0.9490740740740742, 0.976851851851852, 1.0, 0.9777777777777779, 0.9479166666666666, 0.9212962962962964, 1.0, 1.0, 0.9398148148148149, 0.976851851851852]
Recall: [0.9444444444444444, 0.9722222222222222, 1.0, 0.9722222222222222, 0.9166666666666666, 0.9166666666666666, 1.0, 1.0, 0.9166666666666666, 0.9722222222222222]
F1 Score: [0.9441638608305275, 0.9719416386083053, 1.0, 0.9722222222222222, 0.9173534798534799, 0.9159451659451661, 1.0, 1.0, 0.9179733846400513, 0.9715007215007216]
AUROC: [0.9682459677419355, 0.9838709677419355, 1.0, 0.984375, 0.9516129032258065, 0.9526209677419355, 1.0, 1.0, 0.9526209677419355, 0.9838709677419355]
------------------------------------------------
