Classifier Results
------------------------------------------------
Dataset: gym movements gx
Classifier: Rocket
------------------------------------------------
Summary Stats
------------------------------------------------
Mean Train time: 0.4073370695114136, Standard Deviation: 0.014919196912647044
Mean Accuracy: 0.8861111111111111, Standard Deviation: 0.053359368645273714
Mean Balanced Accuracy: 0.885, Standard Deviation: 0.0564717849903826
Mean Precision: 0.8987169312169312, Standard Deviation: 0.051078271406888226
Mean Recall: 0.8861111111111111, Standard Deviation: 0.053359368645273714
Mean F1 Score: 0.8853874058040724, Standard Deviation: 0.05479071040706994
Mean AUROC: 0.9350806451612905, Standard Deviation: 0.030313088339227502
Confusion Matrix:
 [[30  3  4  2  0  0  0  6]
 [ 1 41  0  1  0  0  0  2]
 [ 4  0 39  0  0  0  0  2]
 [ 1  0  0 43  1  0  0  0]
 [ 1  0  0  0 44  0  0  0]
 [ 0  0  3  0  0 42  0  0]
 [ 2  1  1  0  0  0 40  1]
 [ 2  0  1  0  0  0  2 40]]
------------------------------------------------
Fold Results
------------------------------------------------
Train time: [0.38756680488586426, 0.4110729694366455, 0.4423377513885498, 0.41775941848754883, 0.4005703926086426, 0.418074369430542, 0.39657020568847656, 0.40477705001831055, 0.3985710144042969, 0.3960707187652588]
Accuracy: [0.9166666666666666, 0.8888888888888888, 0.8888888888888888, 0.9444444444444444, 0.7777777777777778, 0.8333333333333334, 0.9444444444444444, 0.9444444444444444, 0.8888888888888888, 0.8333333333333334]
Balanced Accuracy: [0.91875, 0.89375, 0.9, 0.94375, 0.7749999999999999, 0.81875, 0.94375, 0.94375, 0.8875, 0.825]
Precision: [0.9398148148148147, 0.8875, 0.9176587301587301, 0.9537037037037037, 0.7890211640211641, 0.8578042328042328, 0.9490740740740742, 0.9444444444444444, 0.8999999999999999, 0.8481481481481481]
Recall: [0.9166666666666666, 0.8888888888888888, 0.8888888888888888, 0.9444444444444444, 0.7777777777777778, 0.8333333333333334, 0.9444444444444444, 0.9444444444444444, 0.8888888888888888, 0.8333333333333334]
F1 Score: [0.9184143017476352, 0.8858024691358025, 0.8886784511784511, 0.9434423601090268, 0.7707671957671958, 0.8314894981561648, 0.9441638608305275, 0.9444444444444444, 0.8915343915343915, 0.8351370851370851]
AUROC: [0.9526209677419355, 0.9364919354838711, 0.9369959677419355, 0.9677419354838711, 0.872983870967742, 0.9057459677419355, 0.9682459677419355, 0.9682459677419355, 0.9364919354838711, 0.9052419354838711]
------------------------------------------------
