Classifier Results
------------------------------------------------
Dataset: gym movements gyro
Classifier: Rocket
------------------------------------------------
Summary Stats
------------------------------------------------
Mean Train time: 0.9800644874572754, Standard Deviation: 0.22694742068818313
Mean Accuracy: 0.9833333333333332, Standard Deviation: 0.013608276348795441
Mean Balanced Accuracy: 0.9824999999999999, Standard Deviation: 0.014469796128487785
Mean Precision: 0.9863888888888889, Standard Deviation: 0.011119210011314612
Mean Recall: 0.9833333333333332, Standard Deviation: 0.013608276348795441
Mean F1 Score: 0.9830727914061248, Standard Deviation: 0.013823267828950566
Mean AUROC: 0.9904737903225808, Standard Deviation: 0.00778056689170831
Confusion Matrix:
 [[42  0  0  3  0  0  0  0]
 [ 0 45  0  0  0  0  0  0]
 [ 0  0 44  0  0  0  0  1]
 [ 0  0  0 45  0  0  0  0]
 [ 0  0  0  0 45  0  0  0]
 [ 0  0  0  0  0 45  0  0]
 [ 0  0  1  0  0  0 44  0]
 [ 0  0  1  0  0  0  0 44]]
------------------------------------------------
Fold Results
------------------------------------------------
Train time: [0.8169951438903809, 0.891155481338501, 0.850147008895874, 0.8648312091827393, 0.8173923492431641, 0.88128662109375, 1.589794397354126, 1.1792066097259521, 0.9276645183563232, 0.9821715354919434]
Accuracy: [1.0, 0.9722222222222222, 0.9722222222222222, 1.0, 0.9722222222222222, 0.9722222222222222, 1.0, 0.9722222222222222, 1.0, 0.9722222222222222]
Balanced Accuracy: [1.0, 0.975, 0.975, 1.0, 0.96875, 0.96875, 1.0, 0.96875, 1.0, 0.96875]
Precision: [1.0, 0.9777777777777779, 0.9777777777777779, 1.0, 0.976851851851852, 0.9777777777777779, 1.0, 0.976851851851852, 1.0, 0.976851851851852]
Recall: [1.0, 0.9722222222222222, 0.9722222222222222, 1.0, 0.9722222222222222, 0.9722222222222222, 1.0, 0.9722222222222222, 1.0, 0.9722222222222222]
F1 Score: [1.0, 0.9722222222222222, 0.9722222222222222, 1.0, 0.9715007215007216, 0.9717813051146386, 1.0, 0.9715007215007216, 1.0, 0.9715007215007216]
AUROC: [1.0, 0.984375, 0.984375, 1.0, 0.9838709677419355, 0.984375, 1.0, 0.9838709677419355, 1.0, 0.9838709677419355]
------------------------------------------------
