Classifier Results
------------------------------------------------
Dataset: gym movements gy
Classifier: Rocket
------------------------------------------------
Summary Stats
------------------------------------------------
Mean Train time: 0.4090486764907837, Standard Deviation: 0.01413110547194223
Mean Accuracy: 0.825, Standard Deviation: 0.07141644517879134
Mean Balanced Accuracy: 0.825, Standard Deviation: 0.073261091310463
Mean Precision: 0.846111111111111, Standard Deviation: 0.0684787273889658
Mean Recall: 0.825, Standard Deviation: 0.07141644517879134
Mean F1 Score: 0.8175318662818662, Standard Deviation: 0.06904819725385139
Mean AUROC: 0.9002520161290324, Standard Deviation: 0.04064978757313692
Confusion Matrix:
 [[21  4  8  6  3  1  1  1]
 [ 3 38  0  2  1  0  0  1]
 [ 0  0 42  0  2  0  0  1]
 [ 1  3  0 41  0  0  0  0]
 [ 2  2  0  1 38  2  0  0]
 [ 2  1  0  1  0 39  2  0]
 [ 1  1  1  0  0  0 42  0]
 [ 2  2  1  3  0  1  0 36]]
------------------------------------------------
Fold Results
------------------------------------------------
Train time: [0.39256882667541504, 0.40607190132141113, 0.4346010684967041, 0.42357468605041504, 0.40680766105651855, 0.4155232906341553, 0.3930683135986328, 0.40607213973999023, 0.4222848415374756, 0.38991403579711914]
Accuracy: [0.8333333333333334, 0.8333333333333334, 0.8888888888888888, 0.8611111111111112, 0.8888888888888888, 0.7777777777777778, 0.9166666666666666, 0.8333333333333334, 0.6666666666666666, 0.75]
Balanced Accuracy: [0.8500000000000001, 0.83125, 0.89375, 0.85625, 0.89375, 0.78125, 0.9125, 0.825, 0.6625000000000001, 0.74375]
Precision: [0.8287037037037037, 0.8921957671957672, 0.9120370370370369, 0.8888888888888888, 0.9103174603174603, 0.8121693121693121, 0.9268518518518518, 0.8055555555555556, 0.7018518518518518, 0.7825396825396825]
Recall: [0.8333333333333334, 0.8333333333333334, 0.8888888888888888, 0.8611111111111112, 0.8888888888888888, 0.7777777777777778, 0.9166666666666666, 0.8333333333333334, 0.6666666666666666, 0.75]
F1 Score: [0.8131393298059965, 0.8086580086580086, 0.8872194163860829, 0.859652076318743, 0.8861331569664903, 0.7740740740740741, 0.9102132435465768, 0.8105499438832772, 0.6692861151194485, 0.7563932980599648]
AUROC: [0.9052419354838711, 0.9057459677419355, 0.9369959677419355, 0.9208669354838711, 0.9359879032258066, 0.8734879032258065, 0.9521169354838711, 0.9052419354838711, 0.810483870967742, 0.856350806451613]
------------------------------------------------
