Classifier Results
------------------------------------------------
Dataset: independent
Classifier: kNN-DTW
------------------------------------------------
Train time: 2.99550724029541
Accuracy: 0.775
Balanced Accuracy: 0.775
Precision: 0.8204044117647059
Recall: 0.775
F1 Score: 0.7634047869341987
AUROC: 0.8714285714285714
Confusion Matrix:
 [[10  0  0  0  0  0  0  0]
 [ 0  4  0  0  0  0  0  6]
 [ 6  0  4  0  0  0  0  0]
 [ 0  0  0 10  0  0  0  0]
 [ 0  0  1  0  9  0  0  0]
 [ 0  0  0  0  3  7  0  0]
 [ 0  1  0  0  0  0  8  1]
 [ 0  0  0  0  0  0  0 10]]
------------------------------------------------
