Classifier Results
------------------------------------------------
Dataset: gym movements accel
Classifier: kNN-DTW
------------------------------------------------
Summary Stats
------------------------------------------------
Mean Train time: 0.005051445960998535, Standard Deviation: 0.0002694344733546173
Mean Accuracy: 0.9666666666666666, Standard Deviation: 0.016666666666666673
Mean Balanced Accuracy: 0.965625, Standard Deviation: 0.019008632907181935
Mean Precision: 0.9705555555555556, Standard Deviation: 0.01653652896237472
Mean Recall: 0.9666666666666666, Standard Deviation: 0.016666666666666673
Mean F1 Score: 0.9663660413660414, Standard Deviation: 0.016688633938809195
Mean AUROC: 0.9809475806451612, Standard Deviation: 0.009361440940519274
Confusion Matrix:
 [[40  0  5  0  0  0  0  0]
 [ 0 45  0  0  0  0  0  0]
 [ 4  0 41  0  0  0  0  0]
 [ 0  0  0 45  0  0  0  0]
 [ 0  0  0  0 45  0  0  0]
 [ 0  0  0  0  0 45  0  0]
 [ 0  0  0  0  0  0 45  0]
 [ 0  2  1  0  0  0  0 42]]
------------------------------------------------
Fold Results
------------------------------------------------
Train time: [0.005003213882446289, 0.0050013065338134766, 0.005001544952392578, 0.004500389099121094, 0.005001068115234375, 0.00500178337097168, 0.005001068115234375, 0.005501985549926758, 0.00550079345703125, 0.0050013065338134766]
Accuracy: [0.9444444444444444, 0.9722222222222222, 0.9722222222222222, 0.9722222222222222, 0.9722222222222222, 0.9444444444444444, 0.9722222222222222, 0.9722222222222222, 1.0, 0.9444444444444444]
Balanced Accuracy: [0.94375, 0.975, 0.975, 0.975, 0.96875, 0.9375, 0.96875, 0.975, 1.0, 0.9375]
Precision: [0.9546296296296296, 0.976851851851852, 0.976851851851852, 0.976851851851852, 0.976851851851852, 0.9444444444444444, 0.9777777777777779, 0.976851851851852, 1.0, 0.9444444444444444]
Recall: [0.9444444444444444, 0.9722222222222222, 0.9722222222222222, 0.9722222222222222, 0.9722222222222222, 0.9444444444444444, 0.9722222222222222, 0.9722222222222222, 1.0, 0.9444444444444444]
F1 Score: [0.9437229437229439, 0.9719416386083053, 0.9719416386083053, 0.9719416386083053, 0.9715007215007216, 0.9444444444444444, 0.9717813051146386, 0.9719416386083053, 1.0, 0.9444444444444444]
AUROC: [0.9682459677419355, 0.9838709677419355, 0.9838709677419355, 0.9838709677419355, 0.9838709677419355, 0.96875, 0.984375, 0.9838709677419355, 1.0, 0.96875]
------------------------------------------------
