Classifier Results
------------------------------------------------
Dataset: gym movements
Classifier: kNN-DTW
------------------------------------------------
Summary Stats
------------------------------------------------
Mean Train time: 0.0053511857986450195, Standard Deviation: 0.00032046121833468905
Mean Accuracy: 0.9777777777777776, Standard Deviation: 0.024216105241892643
Mean Balanced Accuracy: 0.97625, Standard Deviation: 0.02633913438213185
Mean Precision: 0.9824999999999999, Standard Deviation: 0.019041008736866358
Mean Recall: 0.9777777777777776, Standard Deviation: 0.024216105241892643
Mean F1 Score: 0.976561648228315, Standard Deviation: 0.02584650664114185
Mean AUROC: 0.9872479838709678, Standard Deviation: 0.013913572890110476
Confusion Matrix:
 [[41  0  4  0  0  0  0  0]
 [ 0 45  0  0  0  0  0  0]
 [ 0  0 45  0  0  0  0  0]
 [ 0  0  0 45  0  0  0  0]
 [ 0  0  0  0 45  0  0  0]
 [ 0  0  0  0  0 45  0  0]
 [ 0  0  0  0  0  0 45  0]
 [ 0  1  1  0  0  0  2 41]]
------------------------------------------------
Fold Results
------------------------------------------------
Train time: [0.00500178337097168, 0.005001544952392578, 0.006001949310302734, 0.005000591278076172, 0.0055010318756103516, 0.005501508712768555, 0.00550079345703125, 0.005501747131347656, 0.005501270294189453, 0.004999637603759766]
Accuracy: [1.0, 1.0, 0.9444444444444444, 1.0, 0.9444444444444444, 0.9444444444444444, 1.0, 1.0, 0.9722222222222222, 0.9722222222222222]
Balanced Accuracy: [1.0, 1.0, 0.94375, 1.0, 0.9375, 0.9375, 1.0, 1.0, 0.975, 0.96875]
Precision: [1.0, 1.0, 0.9537037037037037, 1.0, 0.9537037037037037, 0.9629629629629629, 1.0, 1.0, 0.976851851851852, 0.9777777777777779]
Recall: [1.0, 1.0, 0.9444444444444444, 1.0, 0.9444444444444444, 0.9444444444444444, 1.0, 1.0, 0.9722222222222222, 0.9722222222222222]
F1 Score: [1.0, 1.0, 0.9434423601090268, 1.0, 0.9377104377104377, 0.9407407407407408, 1.0, 1.0, 0.9719416386083053, 0.9717813051146386]
AUROC: [1.0, 1.0, 0.9677419354838711, 1.0, 0.9677419354838711, 0.96875, 1.0, 1.0, 0.9838709677419355, 0.984375]
------------------------------------------------
