Classifier Results
------------------------------------------------
Dataset: gym movements gyro
Classifier: kNN-DTW
------------------------------------------------
Summary Stats
------------------------------------------------
Mean Train time: 0.005051469802856446, Standard Deviation: 0.00035012128686527974
Mean Accuracy: 0.9694444444444444, Standard Deviation: 0.02900085141364043
Mean Balanced Accuracy: 0.96875, Standard Deviation: 0.030103986446980747
Mean Precision: 0.9757539682539683, Standard Deviation: 0.022623614904456527
Mean Recall: 0.9694444444444444, Standard Deviation: 0.02900085141364043
Mean F1 Score: 0.9678060365560366, Standard Deviation: 0.03085426620452746
Mean AUROC: 0.9825604838709678, Standard Deviation: 0.01662878732884916
Confusion Matrix:
 [[39  0  2  2  1  1  0  0]
 [ 0 45  0  0  0  0  0  0]
 [ 0  0 45  0  0  0  0  0]
 [ 0  0  0 45  0  0  0  0]
 [ 0  0  0  0 45  0  0  0]
 [ 0  0  0  0  0 45  0  0]
 [ 0  0  0  0  0  0 45  0]
 [ 0  0  1  0  0  0  4 40]]
------------------------------------------------
Fold Results
------------------------------------------------
Train time: [0.005001544952392578, 0.0045013427734375, 0.005501270294189453, 0.005002021789550781, 0.005502223968505859, 0.005501508712768555, 0.0050008296966552734, 0.0045013427734375, 0.005001068115234375, 0.005001544952392578]
Accuracy: [0.9166666666666666, 1.0, 0.9444444444444444, 0.9722222222222222, 0.9444444444444444, 0.9722222222222222, 1.0, 1.0, 1.0, 0.9444444444444444]
Balanced Accuracy: [0.9125, 1.0, 0.95, 0.975, 0.9375, 0.96875, 1.0, 1.0, 1.0, 0.94375]
Precision: [0.9380952380952381, 1.0, 0.9546296296296296, 0.9777777777777779, 0.9537037037037037, 0.9777777777777779, 1.0, 1.0, 1.0, 0.9555555555555555]
Recall: [0.9166666666666666, 1.0, 0.9444444444444444, 0.9722222222222222, 0.9444444444444444, 0.9722222222222222, 1.0, 1.0, 1.0, 0.9444444444444444]
F1 Score: [0.9120370370370369, 1.0, 0.9403058361391695, 0.9722222222222222, 0.9377104377104377, 0.9717813051146386, 1.0, 1.0, 1.0, 0.9440035273368608]
AUROC: [0.9521169354838711, 1.0, 0.9682459677419355, 0.984375, 0.9677419354838711, 0.984375, 1.0, 1.0, 1.0, 0.96875]
------------------------------------------------
