Classifier Results
------------------------------------------------
Dataset: Harry_gym_movements
Classifier: AdaBoostClassifier()
------------------------------------------------
Summary Stats
------------------------------------------------
Mean Train time: 0.8827460765838623, Standard Deviation: 0.009121153476692791
Mean Accuracy: 0.18333333333333335, Standard Deviation: 0.07576767609436587
Mean Balanced Accuracy: 0.18687499999999999, Standard Deviation: 0.07626280630163042
Mean Precision: 0.1534335189236623, Standard Deviation: 0.1119638398065519
Mean Recall: 0.18333333333333335, Standard Deviation: 0.07576767609436587
Mean F1 Score: 0.12636380406506936, Standard Deviation: 0.08706222300015609
Mean AUROC: 0.5808677755376344, Standard Deviation: 0.05796531923393047
Confusion Matrix:
 [[ 5 12  3  2 15  1  6  1]
 [ 1 17  1  3 15  0  7  1]
 [ 7 12  4  1 14  0  5  2]
 [ 4 18  1  1 12  1  8  0]
 [ 5 13  2  2 17  0  5  1]
 [ 7  1 13  5  3 14  2  0]
 [ 2 18  2  2 13  1  5  2]
 [ 3 12  0  3 13  2  9  3]]
------------------------------------------------
Fold Results
------------------------------------------------
Train time: [0.8718411922454834, 0.8796532154083252, 0.8813941478729248, 0.8766536712646484, 0.8771514892578125, 0.9073803424835205, 0.8816537857055664, 0.8818182945251465, 0.8822603225708008, 0.8876543045043945]
Accuracy: [0.1388888888888889, 0.1388888888888889, 0.19444444444444445, 0.3611111111111111, 0.16666666666666666, 0.1388888888888889, 0.16666666666666666, 0.08333333333333333, 0.16666666666666666, 0.2777777777777778]
Balanced Accuracy: [0.125, 0.15625, 0.19375, 0.375, 0.175, 0.15625, 0.15, 0.09375, 0.175, 0.26875]
Precision: [0.022401433691756272, 0.23412698412698413, 0.19065656565656564, 0.3657407407407407, 0.10905349794238682, 0.030349794238683128, 0.1646090534979424, 0.022119341563786008, 0.10592592592592592, 0.28935185185185186]
Recall: [0.1388888888888889, 0.1388888888888889, 0.19444444444444445, 0.3611111111111111, 0.16666666666666666, 0.1388888888888889, 0.16666666666666666, 0.08333333333333333, 0.16666666666666666, 0.2777777777777778]
F1 Score: [0.03858024691358024, 0.10972222222222222, 0.17509920634920637, 0.2904761904761905, 0.09811827956989247, 0.04719235364396654, 0.08969907407407408, 0.03285543608124253, 0.11029009304871375, 0.271604938271605]
AUROC: [0.5540714605734767, 0.5668682795698925, 0.652063732078853, 0.6637544802867384, 0.5028281810035842, 0.5415686603942653, 0.551509296594982, 0.525453629032258, 0.5741207437275986, 0.6764392921146953]
------------------------------------------------
