Classifier Results
------------------------------------------------
Dataset: Harry_gym_movements_gy
Classifier: AdaBoostClassifier()
------------------------------------------------
Summary Stats
------------------------------------------------
Mean Train time: 0.19035141468048095, Standard Deviation: 0.001628722383006908
Mean Accuracy: 0.14166666666666666, Standard Deviation: 0.05189317136741501
Mean Balanced Accuracy: 0.14125000000000001, Standard Deviation: 0.04858947931394202
Mean Precision: 0.12859467692801024, Standard Deviation: 0.059015569087949644
Mean Recall: 0.14166666666666666, Standard Deviation: 0.05189317136741501
Mean F1 Score: 0.12143252735873995, Standard Deviation: 0.04516262974431527
Mean AUROC: 0.5469282034050179, Standard Deviation: 0.03194153441318147
Confusion Matrix:
 [[ 4  6  5  9  2  6  7  6]
 [ 6  8  4 11  4  2  4  6]
 [ 6  6  5 12  2  4  7  3]
 [ 8 10  1  7  8  5  0  6]
 [ 5  2  6  6  6  8  5  7]
 [ 7  5  1  5  8 13  3  3]
 [ 9  3  2  4  9  7  4  7]
 [ 5  7  2 10  6  7  4  4]]
------------------------------------------------
Fold Results
------------------------------------------------
Train time: [0.1900315284729004, 0.18853282928466797, 0.18903279304504395, 0.18903255462646484, 0.19103288650512695, 0.18903255462646484, 0.19021940231323242, 0.190032958984375, 0.19303345680236816, 0.19353318214416504]
Accuracy: [0.05555555555555555, 0.1388888888888889, 0.16666666666666666, 0.05555555555555555, 0.16666666666666666, 0.1388888888888889, 0.1111111111111111, 0.2222222222222222, 0.19444444444444445, 0.16666666666666666]
Balanced Accuracy: [0.05625, 0.15, 0.16875, 0.0625, 0.16249999999999998, 0.14375, 0.10625000000000001, 0.2125, 0.1875, 0.1625]
Precision: [0.058641975308641965, 0.0853174603174603, 0.1527777777777778, 0.06565656565656566, 0.2189153439153439, 0.09163059163059163, 0.07777777777777778, 0.22923280423280426, 0.1597222222222222, 0.1462742504409171]
Recall: [0.05555555555555555, 0.1388888888888889, 0.16666666666666666, 0.05555555555555555, 0.16666666666666666, 0.1388888888888889, 0.1111111111111111, 0.2222222222222222, 0.19444444444444445, 0.16666666666666666]
F1 Score: [0.05181623931623932, 0.10353535353535354, 0.15476190476190477, 0.05185185185185185, 0.17671957671957672, 0.10538720538720542, 0.08950617283950618, 0.1769574398960364, 0.15351696234049178, 0.15027256693923363]
AUROC: [0.5301299283154122, 0.5519013216845878, 0.6124831989247312, 0.5087085573476702, 0.5723566308243728, 0.5392585125448028, 0.5256636424731183, 0.5850414426523298, 0.5102206541218638, 0.5335181451612904]
------------------------------------------------
