Classifier Results
------------------------------------------------
Dataset: Harry_gym_movements_accel
Classifier: AdaBoostClassifier()
------------------------------------------------
Summary Stats
------------------------------------------------
Mean Train time: 0.46774256229400635, Standard Deviation: 0.004974108824091478
Mean Accuracy: 0.17777777777777776, Standard Deviation: 0.06478835438717
Mean Balanced Accuracy: 0.18, Standard Deviation: 0.0643962343619563
Mean Precision: 0.14859022435814548, Standard Deviation: 0.1045996082198598
Mean Recall: 0.17777777777777776, Standard Deviation: 0.06478835438717
Mean F1 Score: 0.12234896948182787, Standard Deviation: 0.07844746763657
Mean AUROC: 0.5852486559139785, Standard Deviation: 0.06623361023721494
Confusion Matrix:
 [[ 5 13  2  2 14  1  7  1]
 [ 1 16  1  4 15  0  8  0]
 [ 9 12  4  1 12  0  5  2]
 [ 4 16  2  1 12  0 10  0]
 [ 4 13  3  1 17  0  6  1]
 [ 5  1 15  5  3 14  1  1]
 [ 2 17  3  1 12  1  6  3]
 [ 2 12  1  5 13  2  9  1]]
------------------------------------------------
Fold Results
------------------------------------------------
Train time: [0.47158217430114746, 0.4635806083679199, 0.48130321502685547, 0.46758198738098145, 0.4665806293487549, 0.46616101264953613, 0.4658932685852051, 0.46508026123046875, 0.4645810127258301, 0.46508145332336426]
Accuracy: [0.1388888888888889, 0.1388888888888889, 0.2222222222222222, 0.3333333333333333, 0.16666666666666666, 0.1388888888888889, 0.16666666666666666, 0.08333333333333333, 0.16666666666666666, 0.2222222222222222]
Balanced Accuracy: [0.125, 0.15625, 0.2125, 0.34375, 0.175, 0.15625, 0.15, 0.09375, 0.175, 0.2125]
Precision: [0.022401433691756272, 0.23412698412698413, 0.24669312169312166, 0.3477633477633477, 0.10905349794238682, 0.029439696106362774, 0.1646090534979424, 0.022119341563786008, 0.10592592592592592, 0.20376984126984127]
Recall: [0.1388888888888889, 0.1388888888888889, 0.2222222222222222, 0.3333333333333333, 0.16666666666666666, 0.1388888888888889, 0.16666666666666666, 0.08333333333333333, 0.16666666666666666, 0.2222222222222222]
F1 Score: [0.03858024691358024, 0.10972222222222222, 0.21847442680776014, 0.2722361459203564, 0.09811827956989247, 0.04672364672364673, 0.08969907407407408, 0.03285543608124253, 0.11029009304871375, 0.20679012345679013]
AUROC: [0.5540714605734767, 0.5668682795698925, 0.677755376344086, 0.6867579525089607, 0.5028281810035842, 0.50459229390681, 0.551509296594982, 0.5573196684587813, 0.5741207437275986, 0.6766633064516129]
------------------------------------------------
