Classifier Results
------------------------------------------------
Dataset: Harry_gym_movements_gyro
Classifier: AdaBoostClassifier()
------------------------------------------------
Summary Stats
------------------------------------------------
Mean Train time: 0.46588380336761476, Standard Deviation: 0.004922133238121515
Mean Accuracy: 0.23611111111111108, Standard Deviation: 0.05306936992928556
Mean Balanced Accuracy: 0.24124999999999996, Standard Deviation: 0.0581081964958473
Mean Precision: 0.18754099845175917, Standard Deviation: 0.08027923470138318
Mean Recall: 0.23611111111111108, Standard Deviation: 0.05306936992928556
Mean F1 Score: 0.18485802401581033, Standard Deviation: 0.060589693531251015
Mean AUROC: 0.6166652665770609, Standard Deviation: 0.03885491383506571
Confusion Matrix:
 [[ 4  3  4  2  6  5 18  3]
 [ 3  2  2  2  5  7 22  2]
 [ 3  2  8  9  2  8 11  2]
 [ 3  3  8  9  6  8  8  0]
 [ 5  3  4  4  6  1 19  3]
 [ 2  1  7  5  5 24  1  0]
 [ 3  2  2  0  0  3 28  7]
 [ 1  4  4  2  1  3 26  4]]
------------------------------------------------
Fold Results
------------------------------------------------
Train time: [0.4620804786682129, 0.46508121490478516, 0.4640812873840332, 0.4793269634246826, 0.46758174896240234, 0.46435999870300293, 0.46158266067504883, 0.4665813446044922, 0.4615805149078369, 0.4665818214416504]
Accuracy: [0.16666666666666666, 0.16666666666666666, 0.3055555555555556, 0.3333333333333333, 0.19444444444444445, 0.25, 0.2222222222222222, 0.2222222222222222, 0.2222222222222222, 0.2777777777777778]
Balanced Accuracy: [0.1625, 0.16249999999999998, 0.3125, 0.35, 0.19375, 0.25625, 0.22499999999999998, 0.23125, 0.2375, 0.28125]
Precision: [0.07222222222222223, 0.08438634713144517, 0.19248737373737373, 0.34764957264957264, 0.18749999999999997, 0.19393274853801168, 0.13969404186795492, 0.29563492063492064, 0.20028659611992947, 0.16161616161616163]
Recall: [0.16666666666666666, 0.16666666666666666, 0.3055555555555556, 0.3333333333333333, 0.19444444444444445, 0.25, 0.2222222222222222, 0.2222222222222222, 0.2222222222222222, 0.2777777777777778]
F1 Score: [0.09382716049382717, 0.10710277376944043, 0.22830009496676162, 0.3079780060172217, 0.1871893538560205, 0.19873859366612986, 0.13940329218106995, 0.2374939874939875, 0.16818983485650152, 0.18035714285714288]
AUROC: [0.6059587813620072, 0.5438088037634409, 0.6365927419354838, 0.676705309139785, 0.594478046594982, 0.60546875, 0.6003304211469533, 0.5870435707885304, 0.673485103046595, 0.6427811379928315]
------------------------------------------------
