Classifier Results
------------------------------------------------
Dataset: Harry_gym_movements_gz
Classifier: AdaBoostClassifier()
------------------------------------------------
Summary Stats
------------------------------------------------
Mean Train time: 0.19036946296691895, Standard Deviation: 0.0009293897699822036
Mean Accuracy: 0.22777777777777777, Standard Deviation: 0.05241100628920336
Mean Balanced Accuracy: 0.236875, Standard Deviation: 0.05187499999999999
Mean Precision: 0.1909400614005877, Standard Deviation: 0.1113165000555713
Mean Recall: 0.22777777777777777, Standard Deviation: 0.05241100628920336
Mean F1 Score: 0.17577606264626727, Standard Deviation: 0.05789763123860736
Mean AUROC: 0.6321236559139786, Standard Deviation: 0.04122310709908971
Confusion Matrix:
 [[ 3  1  8  2  6  9 12  4]
 [ 2  2  5  0  4  8 21  3]
 [ 4  7  8  8  5  7  6  0]
 [ 5  5  5 14  6  3  7  0]
 [ 1  3  8  5  4  2 17  5]
 [ 2  0  8  6  2 22  3  2]
 [ 3  2  3  0  0  3 25  9]
 [ 2  4  4  4  2  1 24  4]]
------------------------------------------------
Fold Results
------------------------------------------------
Train time: [0.1900334358215332, 0.18953275680541992, 0.19019699096679688, 0.19103240966796875, 0.1907351016998291, 0.18953275680541992, 0.18953251838684082, 0.18953323364257812, 0.19103193283081055, 0.1925334930419922]
Accuracy: [0.1388888888888889, 0.19444444444444445, 0.2777777777777778, 0.2777777777777778, 0.25, 0.2222222222222222, 0.1388888888888889, 0.2222222222222222, 0.2777777777777778, 0.2777777777777778]
Balanced Accuracy: [0.15, 0.20625, 0.2875, 0.2875, 0.25625, 0.23125, 0.15, 0.225, 0.29374999999999996, 0.28125]
Precision: [0.20238095238095236, 0.1152116402116402, 0.17744107744107743, 0.32175925925925924, 0.13754208754208752, 0.1286549707602339, 0.032407407407407406, 0.18082010582010583, 0.45156695156695154, 0.16161616161616163]
Recall: [0.1388888888888889, 0.19444444444444445, 0.2777777777777778, 0.2777777777777778, 0.25, 0.2222222222222222, 0.1388888888888889, 0.2222222222222222, 0.2777777777777778, 0.2777777777777778]
F1 Score: [0.15288800705467373, 0.14266851521753482, 0.20965207631874297, 0.258179012345679, 0.1731956315289649, 0.14935587761674718, 0.05026455026455026, 0.17896825396825397, 0.26223155929038283, 0.18035714285714288]
AUROC: [0.6264840949820789, 0.6072188620071686, 0.6492495519713262, 0.6973006272401433, 0.5765288978494625, 0.6551579301075269, 0.5564376120071685, 0.6296762992831542, 0.6804015456989246, 0.6427811379928315]
------------------------------------------------
