Classifier Results
------------------------------------------------
Dataset: Harry_gym_movements_az
Classifier: AdaBoostClassifier()
------------------------------------------------
Summary Stats
------------------------------------------------
Mean Train time: 0.18987548351287842, Standard Deviation: 0.0011981622316701863
Mean Accuracy: 0.1611111111111111, Standard Deviation: 0.06060395619242064
Mean Balanced Accuracy: 0.160625, Standard Deviation: 0.061240432926294705
Mean Precision: 0.15007716049382713, Standard Deviation: 0.0729973180591916
Mean Recall: 0.1611111111111111, Standard Deviation: 0.06060395619242064
Mean F1 Score: 0.14677666469333134, Standard Deviation: 0.06384256477091918
Mean AUROC: 0.5733926971326164, Standard Deviation: 0.04861705064453351
Confusion Matrix:
 [[ 4  5  4  8  8  5  5  6]
 [ 7  3 11  7  7  2  3  5]
 [ 5  1  3 11 12  3  3  7]
 [ 5  4  8 11  6  2  2  7]
 [ 4  0  4 14  7  2  5  9]
 [ 3  8  4  9  4 10  1  6]
 [ 6  4  4  8  6  2 13  2]
 [ 5  6  5  7  7  5  3  7]]
------------------------------------------------
Fold Results
------------------------------------------------
Train time: [0.1902143955230713, 0.18953299522399902, 0.18903231620788574, 0.18903255462646484, 0.18903279304504395, 0.19103312492370605, 0.1925349235534668, 0.1880331039428711, 0.1902759075164795, 0.1900327205657959]
Accuracy: [0.16666666666666666, 0.08333333333333333, 0.3055555555555556, 0.1388888888888889, 0.1388888888888889, 0.16666666666666666, 0.08333333333333333, 0.19444444444444445, 0.19444444444444445, 0.1388888888888889]
Balanced Accuracy: [0.175, 0.0875, 0.3125, 0.125, 0.1375, 0.1625, 0.0875, 0.1875, 0.1875, 0.14375]
Precision: [0.18364197530864196, 0.03958333333333333, 0.31527777777777777, 0.1273148148148148, 0.16203703703703703, 0.18865740740740738, 0.05941358024691358, 0.16975308641975306, 0.1486111111111111, 0.10648148148148147]
Recall: [0.16666666666666666, 0.08333333333333333, 0.3055555555555556, 0.1388888888888889, 0.1388888888888889, 0.16666666666666666, 0.08333333333333333, 0.19444444444444445, 0.19444444444444445, 0.1388888888888889]
F1 Score: [0.1645807895807896, 0.05311355311355312, 0.29475308641975306, 0.12796231546231546, 0.14562289562289565, 0.1672008547008547, 0.06505223171889837, 0.17464387464387462, 0.16358024691358025, 0.11125679875679875]
AUROC: [0.5769489247311828, 0.5302979390681003, 0.6255740367383512, 0.5198252688172043, 0.6020805331541219, 0.5795250896057347, 0.48506104390681, 0.5636480734767024, 0.5939460125448028, 0.6570200492831542]
------------------------------------------------
