Classifier Results
------------------------------------------------
Dataset: Harry_gym_movements_ax
Classifier: AdaBoostClassifier()
------------------------------------------------
Summary Stats
------------------------------------------------
Mean Train time: 0.19475462436676025, Standard Deviation: 0.010550558517554208
Mean Accuracy: 0.26944444444444443, Standard Deviation: 0.08788495566420208
Mean Balanced Accuracy: 0.27249999999999996, Standard Deviation: 0.09066593902894295
Mean Precision: 0.28445767195767196, Standard Deviation: 0.09531564708520719
Mean Recall: 0.26944444444444443, Standard Deviation: 0.08788495566420208
Mean F1 Score: 0.26569034360701027, Standard Deviation: 0.0883636463255262
Mean AUROC: 0.6544900873655914, Standard Deviation: 0.029680358215168137
Confusion Matrix:
 [[14  1  4  4 11  1  2  8]
 [ 3  9  0  7  5  5  7  9]
 [ 8  3 22  1  5  1  3  2]
 [ 2 11  0 12  2  8  1  9]
 [11  7  4  2 10  3  6  2]
 [ 2  6  0  6  5  9  7 10]
 [ 6  7  2  0  4  5 13  8]
 [ 2 10  5  3  7  3  7  8]]
------------------------------------------------
Fold Results
------------------------------------------------
Train time: [0.1900327205657959, 0.19103384017944336, 0.19303393363952637, 0.18853282928466797, 0.1880338191986084, 0.18853282928466797, 0.19053339958190918, 0.22504067420959473, 0.19873809814453125, 0.19403409957885742]
Accuracy: [0.19444444444444445, 0.3055555555555556, 0.3611111111111111, 0.16666666666666666, 0.3333333333333333, 0.16666666666666666, 0.3333333333333333, 0.3888888888888889, 0.3055555555555556, 0.1388888888888889]
Balanced Accuracy: [0.19375, 0.3125, 0.35625, 0.15625, 0.325, 0.175, 0.35, 0.40625, 0.30625, 0.14375]
Precision: [0.22800925925925922, 0.2631172839506173, 0.3950396825396825, 0.21296296296296294, 0.3726851851851852, 0.15074955908289242, 0.3194444444444444, 0.4491732804232805, 0.29444444444444445, 0.1589506172839506]
Recall: [0.19444444444444445, 0.3055555555555556, 0.3611111111111111, 0.16666666666666666, 0.3333333333333333, 0.16666666666666666, 0.3333333333333333, 0.3888888888888889, 0.3055555555555556, 0.1388888888888889]
F1 Score: [0.20050011716678384, 0.2694885361552028, 0.3706208914542247, 0.17794011544011543, 0.34118165784832455, 0.15347923681257014, 0.32334455667789, 0.3875712250712251, 0.2993827160493827, 0.13339438339438342]
AUROC: [0.6684727822580645, 0.6324764784946236, 0.6468133960573477, 0.6156614023297491, 0.71230958781362, 0.6745631720430108, 0.679085461469534, 0.6475554435483871, 0.6596942204301075, 0.6082689292114696]
------------------------------------------------
