Classifier Results
------------------------------------------------
Dataset: independent
Classifier: Boss
------------------------------------------------
Train time: 2772.4088292121887
Accuracy: 0.35
Balanced Accuracy: 0.35
Precision: 0.32703237837677196
Recall: 0.35
F1 Score: 0.27727147873255886
AUROC: 0.7803571428571429
Confusion Matrix:
 [[ 0  0  4  2  0  2  1  1]
 [ 0  1  0  0  0  0  0  9]
 [ 0  0  3  7  0  0  0  0]
 [ 1  0  0  9  0  0  0  0]
 [ 1  0  8  1  0  0  0  0]
 [ 0  0  5  0  1  4  0  0]
 [ 2  1  2  0  0  1  1  3]
 [ 0  0  0  0  0  0  0 10]]
------------------------------------------------
