Classifier Results
------------------------------------------------
Dataset: gym movements gyro
Classifier: Naive Bayes
------------------------------------------------
Summary Stats
------------------------------------------------
Mean Train time: 0.0012002229690551759, Standard Deviation: 0.0002449703610560126
Mean Accuracy: 0.6083333333333333, Standard Deviation: 0.08282250842153097
Mean Balanced Accuracy: 0.6093750000000001, Standard Deviation: 0.08616163952130904
Mean Precision: 0.6587158289241622, Standard Deviation: 0.06426133070467963
Mean Recall: 0.6083333333333333, Standard Deviation: 0.08282250842153097
Mean F1 Score: 0.6124531178697845, Standard Deviation: 0.0750560359481116
Mean AUROC: 0.8919452844982081, Standard Deviation: 0.03895163022417752
Confusion Matrix:
 [[22  1  7  4  6  4  0  1]
 [ 2 31  5  0  1  0  2  4]
 [10  0 28  4  3  0  0  0]
 [12  0  5 28  0  0  0  0]
 [ 6  2  5  4 28  0  0  0]
 [ 3  0  7  1  0 33  0  1]
 [ 0  3  2  0  3  1 27  9]
 [ 4  8  1  1  0  1  8 22]]
------------------------------------------------
Fold Results
------------------------------------------------
Train time: [0.001500844955444336, 0.0015006065368652344, 0.0010001659393310547, 0.0010001659393310547, 0.0010001659393310547, 0.0010004043579101562, 0.0010001659393310547, 0.0010001659393310547, 0.0014998912811279297, 0.0014996528625488281]
Accuracy: [0.5833333333333334, 0.75, 0.5555555555555556, 0.75, 0.6388888888888888, 0.5, 0.6111111111111112, 0.6111111111111112, 0.5, 0.5833333333333334]
Balanced Accuracy: [0.5875, 0.7562500000000001, 0.5625, 0.7562500000000001, 0.6375, 0.49375, 0.6062500000000001, 0.61875, 0.49375, 0.58125]
Precision: [0.6435185185185185, 0.7833333333333333, 0.6099537037037037, 0.7708333333333334, 0.6593915343915344, 0.6265432098765432, 0.6449074074074074, 0.666335978835979, 0.5817460317460318, 0.6005952380952381]
Recall: [0.5833333333333334, 0.75, 0.5555555555555556, 0.75, 0.6388888888888888, 0.5, 0.6111111111111112, 0.6111111111111112, 0.5, 0.5833333333333334]
F1 Score: [0.5954785954785954, 0.7446829405162738, 0.5682030932030931, 0.7511864678531345, 0.6262866762866763, 0.5310575227241894, 0.6181216931216932, 0.5940255731922398, 0.5177990219656886, 0.577689594356261]
AUROC: [0.7970990143369175, 0.9052139336917562, 0.883092517921147, 0.9216789874551973, 0.9198028673835125, 0.8818464381720431, 0.9307795698924733, 0.9281754032258063, 0.8555947580645162, 0.8961693548387097]
------------------------------------------------
