Classifier Results
------------------------------------------------
Dataset: gym movements ax
Classifier: Naive Bayes
------------------------------------------------
Summary Stats
------------------------------------------------
Mean Train time: 0.0010004997253417968, Standard Deviation: 7.70354004926849e-07
Mean Accuracy: 0.5472222222222223, Standard Deviation: 0.06460946305340559
Mean Balanced Accuracy: 0.5468750000000001, Standard Deviation: 0.06732906597451062
Mean Precision: 0.5855820105820105, Standard Deviation: 0.06558584859621178
Mean Recall: 0.5472222222222223, Standard Deviation: 0.06460946305340559
Mean F1 Score: 0.544927880761214, Standard Deviation: 0.06010389505490818
Mean AUROC: 0.8476394489247312, Standard Deviation: 0.025087513169834676
Confusion Matrix:
 [[15  0 12  0  8  3  0  7]
 [ 2 20  0  6  1  4  1 11]
 [10  0 32  0  2  0  0  1]
 [ 0  6  0 33  2  3  0  1]
 [11  1  0  1 22  2  1  7]
 [ 2  6  0  4  0 27  0  6]
 [ 3  5  0  0  1  2 33  1]
 [11 10  6  1  0  0  2 15]]
------------------------------------------------
Fold Results
------------------------------------------------
Train time: [0.0010001659393310547, 0.0010023117065429688, 0.00099945068359375, 0.0010013580322265625, 0.0010006427764892578, 0.0010006427764892578, 0.0010001659393310547, 0.0010001659393310547, 0.0010001659393310547, 0.0009999275207519531]
Accuracy: [0.5277777777777778, 0.5, 0.5555555555555556, 0.6388888888888888, 0.5833333333333334, 0.4722222222222222, 0.6111111111111112, 0.4722222222222222, 0.4722222222222222, 0.6388888888888888]
Balanced Accuracy: [0.525, 0.4875, 0.55625, 0.64375, 0.58125, 0.46875, 0.6062500000000001, 0.48124999999999996, 0.46875, 0.65]
Precision: [0.525462962962963, 0.574074074074074, 0.5763888888888888, 0.6891203703703703, 0.608068783068783, 0.5648148148148148, 0.5505291005291004, 0.5795304232804233, 0.47962962962962963, 0.7082010582010582]
Recall: [0.5277777777777778, 0.5, 0.5555555555555556, 0.6388888888888888, 0.5833333333333334, 0.4722222222222222, 0.6111111111111112, 0.4722222222222222, 0.4722222222222222, 0.6388888888888888]
F1 Score: [0.5196488696488696, 0.4987053070386403, 0.5604938271604938, 0.6428062678062677, 0.5740961199294533, 0.48727753727753725, 0.567770963604297, 0.4890923890923891, 0.46659652076318736, 0.6427910052910053]
AUROC: [0.8522345430107526, 0.8382616487455198, 0.8138720878136201, 0.8830085125448028, 0.8741879480286738, 0.8406978046594982, 0.8761200716845878, 0.81065188172043, 0.8233086917562724, 0.8640512992831542]
------------------------------------------------
