Classifier Results
------------------------------------------------
Dataset: gym movements
Classifier: Naive Bayes
------------------------------------------------
Summary Stats
------------------------------------------------
Mean Train time: 0.0020004034042358397, Standard Deviation: 7.076655425861277e-07
Mean Accuracy: 0.7611111111111112, Standard Deviation: 0.06358623967922
Mean Balanced Accuracy: 0.7637500000000002, Standard Deviation: 0.06475916923494313
Mean Precision: 0.7946582892416225, Standard Deviation: 0.0592132978482364
Mean Recall: 0.7611111111111112, Standard Deviation: 0.06358623967922
Mean F1 Score: 0.761610149110149, Standard Deviation: 0.062059015314387865
Mean AUROC: 0.9385640681003584, Standard Deviation: 0.022205392897964804
Confusion Matrix:
 [[29  0 11  0  5  0  0  0]
 [ 0 38  0  1  0  0  1  5]
 [12  0 31  0  2  0  0  0]
 [ 4  0  0 37  3  0  0  1]
 [ 8  0  1  3 33  0  0  0]
 [ 0  0  0  5  0 40  0  0]
 [ 0  0  0  0  2  0 40  3]
 [ 6  4  3  1  0  1  4 26]]
------------------------------------------------
Fold Results
------------------------------------------------
Train time: [0.0020012855529785156, 0.002000093460083008, 0.0020008087158203125, 0.002000570297241211, 0.0020008087158203125, 0.0019991397857666016, 0.002001523971557617, 0.0019996166229248047, 0.0019998550415039062, 0.0020003318786621094]
Accuracy: [0.6944444444444444, 0.7777777777777778, 0.7222222222222222, 0.8333333333333334, 0.7777777777777778, 0.7222222222222222, 0.8611111111111112, 0.8055555555555556, 0.6388888888888888, 0.7777777777777778]
Balanced Accuracy: [0.7, 0.7875000000000001, 0.73125, 0.8375, 0.775, 0.7125, 0.8625, 0.80625, 0.6375, 0.7875000000000001]
Precision: [0.7430555555555556, 0.8311728395061729, 0.7390873015873016, 0.8611111111111112, 0.7986111111111112, 0.75, 0.8833333333333333, 0.8348544973544973, 0.6873015873015873, 0.8180555555555555]
Recall: [0.6944444444444444, 0.7777777777777778, 0.7222222222222222, 0.8333333333333334, 0.7777777777777778, 0.7222222222222222, 0.8611111111111112, 0.8055555555555556, 0.6388888888888888, 0.7777777777777778]
F1 Score: [0.6848003848003847, 0.7792107583774252, 0.7248677248677249, 0.8338945005611672, 0.7699855699855699, 0.7314814814814815, 0.8598985890652558, 0.8084616001282667, 0.6488095238095238, 0.7746913580246912]
AUROC: [0.89315916218638, 0.9384520609318996, 0.927755376344086, 0.951920922939068, 0.94853270609319, 0.9501428091397849, 0.9744343637992832, 0.9273353494623657, 0.915476590501792, 0.9584313396057347]
------------------------------------------------
