Classifier Results
------------------------------------------------
Dataset: gym movements accel
Classifier: Naive Bayes
------------------------------------------------
Summary Stats
------------------------------------------------
Mean Train time: 0.001250147819519043, Standard Deviation: 0.0002501730194968311
Mean Accuracy: 0.6611111111111111, Standard Deviation: 0.07837075544258823
Mean Balanced Accuracy: 0.661875, Standard Deviation: 0.07966972841048224
Mean Precision: 0.6945039682539683, Standard Deviation: 0.08194674748334102
Mean Recall: 0.6611111111111111, Standard Deviation: 0.07837075544258823
Mean F1 Score: 0.6605497742997742, Standard Deviation: 0.07611531279558575
Mean AUROC: 0.9089213709677422, Standard Deviation: 0.022628619494534218
Confusion Matrix:
 [[19  4 12  0  3  1  0  6]
 [ 1 30  0  6  1  0  0  7]
 [13  0 32  0  0  0  0  0]
 [ 0  5  0 32  2  0  2  4]
 [ 8  0  1  2 33  0  0  1]
 [ 0  0  0  6  0 39  0  0]
 [ 2  5  0  0  1  1 35  1]
 [ 8  8  4  6  0  1  0 18]]
------------------------------------------------
Fold Results
------------------------------------------------
Train time: [0.001500844955444336, 0.0010004043579101562, 0.0015001296997070312, 0.0009999275207519531, 0.0015006065368652344, 0.0009989738464355469, 0.0010004043579101562, 0.0014998912811279297, 0.0010001659393310547, 0.0015001296997070312]
Accuracy: [0.5555555555555556, 0.6388888888888888, 0.5833333333333334, 0.75, 0.75, 0.6944444444444444, 0.75, 0.6666666666666666, 0.5277777777777778, 0.6944444444444444]
Balanced Accuracy: [0.55625, 0.6375, 0.58125, 0.7562500000000001, 0.75, 0.6875, 0.75, 0.68125, 0.525, 0.6937500000000001]
Precision: [0.5753968253968255, 0.6724867724867725, 0.6180555555555556, 0.7743386243386243, 0.8227513227513228, 0.7291666666666666, 0.7803571428571429, 0.6824074074074074, 0.5736111111111111, 0.716468253968254]
Recall: [0.5555555555555556, 0.6388888888888888, 0.5833333333333334, 0.75, 0.75, 0.6944444444444444, 0.75, 0.6666666666666666, 0.5277777777777778, 0.6944444444444444]
F1 Score: [0.543939393939394, 0.644510582010582, 0.59001924001924, 0.7437570145903479, 0.7390231681898348, 0.6982824274490941, 0.7515432098765432, 0.6629612671279338, 0.537317620650954, 0.6941438191438191]
AUROC: [0.8829805107526881, 0.9104222670250898, 0.8917730734767026, 0.9037858422939069, 0.9377800179211468, 0.941280241935484, 0.9440524193548386, 0.8820284498207884, 0.8937331989247311, 0.9013776881720431]
------------------------------------------------
