Classifier Results
------------------------------------------------
Dataset: gym movements ay
Classifier: Naive Bayes
------------------------------------------------
Summary Stats
------------------------------------------------
Mean Train time: 0.001000189781188965, Standard Deviation: 4.324521338276161e-07
Mean Accuracy: 0.5361111111111112, Standard Deviation: 0.07141644517879134
Mean Balanced Accuracy: 0.535625, Standard Deviation: 0.07531444499563147
Mean Precision: 0.5629365079365078, Standard Deviation: 0.07349364519374334
Mean Recall: 0.5361111111111112, Standard Deviation: 0.07141644517879134
Mean F1 Score: 0.5297840122840124, Standard Deviation: 0.07110187804336603
Mean AUROC: 0.8403673835125449, Standard Deviation: 0.031986656354812126
Confusion Matrix:
 [[15  1  8  4  8  5  4  0]
 [ 3 24  1  3  5  0  3  6]
 [14  0 25  1  4  1  0  0]
 [ 8  5  1 26  0  0  5  0]
 [ 3  0  9  3 30  0  0  0]
 [ 3  0  0  4  0 38  0  0]
 [ 3  5  2  6  2  1 23  3]
 [ 5 14  2  1  1  0 10 12]]
------------------------------------------------
Fold Results
------------------------------------------------
Train time: [0.0009999275207519531, 0.0010006427764892578, 0.0010004043579101562, 0.0010001659393310547, 0.0010001659393310547, 0.0009992122650146484, 0.0009999275207519531, 0.0010008811950683594, 0.0010004043579101562, 0.0010001659393310547]
Accuracy: [0.5555555555555556, 0.6388888888888888, 0.5833333333333334, 0.5833333333333334, 0.4722222222222222, 0.5, 0.6388888888888888, 0.4722222222222222, 0.4166666666666667, 0.5]
Balanced Accuracy: [0.55625, 0.64375, 0.5875, 0.5875, 0.46875, 0.49375, 0.6375, 0.48125000000000007, 0.4, 0.5]
Precision: [0.6318121693121692, 0.6751984126984127, 0.577579365079365, 0.5249999999999999, 0.5464616402116402, 0.5643518518518518, 0.6574074074074073, 0.43710317460317466, 0.4637896825396825, 0.5506613756613756]
Recall: [0.5555555555555556, 0.6388888888888888, 0.5833333333333334, 0.5833333333333334, 0.4722222222222222, 0.5, 0.6388888888888888, 0.4722222222222222, 0.4166666666666667, 0.5]
F1 Score: [0.5682940516273849, 0.633385441718775, 0.5703663620330287, 0.5441120607787274, 0.47531172531172533, 0.5163540163540163, 0.638997113997114, 0.44500561167227837, 0.4181189181189181, 0.48789482122815453]
AUROC: [0.792926747311828, 0.8659554211469535, 0.8282090053763441, 0.8582829301075269, 0.8682515681003584, 0.8548387096774195, 0.8990255376344086, 0.80790770609319, 0.814152105734767, 0.8141241039426523]
------------------------------------------------
