Classifier Results
------------------------------------------------
Dataset: gym movements gx
Classifier: Naive Bayes
------------------------------------------------
Summary Stats
------------------------------------------------
Mean Train time: 0.0010501384735107423, Standard Deviation: 0.00014999902494284062
Mean Accuracy: 0.41388888888888886, Standard Deviation: 0.060156688410299204
Mean Balanced Accuracy: 0.415625, Standard Deviation: 0.06627652770777903
Mean Precision: 0.4224845679012345, Standard Deviation: 0.08529584050614678
Mean Recall: 0.41388888888888886, Standard Deviation: 0.060156688410299204
Mean F1 Score: 0.3940912328412328, Standard Deviation: 0.055002218888232465
Mean AUROC: 0.7534106182795699, Standard Deviation: 0.03459783133389245
Confusion Matrix:
 [[10  4  7  6  4  6  2  6]
 [ 1 22  3  2 10  0  4  3]
 [ 5  5 15  2  8  5  4  1]
 [ 6  6  1 15  5  3  5  4]
 [ 2  7  8  9 15  1  2  1]
 [ 2  3  3  0  1 32  0  4]
 [ 4  7  3  1  3  1 18  8]
 [ 1  6  0  2  1  9  4 22]]
------------------------------------------------
Fold Results
------------------------------------------------
Train time: [0.0009980201721191406, 0.0010001659393310547, 0.0010001659393310547, 0.0015001296997070312, 0.0010008811950683594, 0.0010008811950683594, 0.0010006427764892578, 0.0010001659393310547, 0.0010001659393310547, 0.0010001659393310547]
Accuracy: [0.3888888888888889, 0.5277777777777778, 0.4722222222222222, 0.3888888888888889, 0.3055555555555556, 0.3611111111111111, 0.3888888888888889, 0.4166666666666667, 0.4166666666666667, 0.4722222222222222]
Balanced Accuracy: [0.40625, 0.5375000000000001, 0.49374999999999997, 0.4125, 0.29375, 0.34375, 0.38125, 0.41875, 0.4125, 0.45625000000000004]
Precision: [0.41878306878306876, 0.5085978835978836, 0.5922619047619048, 0.350462962962963, 0.31481481481481477, 0.3757275132275132, 0.3104938271604938, 0.45023148148148145, 0.41630291005291004, 0.48716931216931214]
Recall: [0.3888888888888889, 0.5277777777777778, 0.4722222222222222, 0.3888888888888889, 0.3055555555555556, 0.3611111111111111, 0.3888888888888889, 0.4166666666666667, 0.4166666666666667, 0.4722222222222222]
F1 Score: [0.37541625041625043, 0.474378707712041, 0.4632034632034632, 0.35130070546737213, 0.30812089145422483, 0.3539361872695206, 0.34254449254449254, 0.4010989010989012, 0.40614401031067693, 0.4647687189353855]
AUROC: [0.7651489695340501, 0.814796146953405, 0.7527721774193549, 0.7437836021505376, 0.6919242831541219, 0.7368111559139785, 0.7550683243727598, 0.7969030017921147, 0.7104054659498209, 0.7664930555555556]
------------------------------------------------
