Classifier Results
------------------------------------------------
Dataset: Harry_gym_movements_gyro
Classifier: RocketClassifier(num_kernels=1000)
------------------------------------------------
Train time: 0.8030834197998047
Accuracy: 0.9763779527559056
Balanced Accuracy: 0.9777777777777777
Precision: 0.9784580498866212
Recall: 0.9777777777777777
F1 Score: 0.9779475267280145
AUROC: 0.9868984674094852
Confusion Matrix:
 [[19  0  0  1  0  0  0]
 [ 0 20  0  0  0  0  0]
 [ 1  0 19  0  0  0  0]
 [ 1  0  0 17  0  0  0]
 [ 0  0  0  0 13  0  0]
 [ 0  0  0  0  0 18  0]
 [ 0  0  0  0  0  0 18]]
------------------------------------------------
