Classifier Results
------------------------------------------------
Dataset: Harry_gym_movements_gy
Classifier: RocketClassifier(num_kernels=1000)
------------------------------------------------
Train time: 0.4397411346435547
Accuracy: 0.7282608695652174
Balanced Accuracy: 0.7282608695652173
Precision: 0.742464895239032
Recall: 0.7282608695652173
F1 Score: 0.7254840379422485
AUROC: 0.8447204968944099
Confusion Matrix:
 [[12  2  3  2  2  2  0  0]
 [ 4 15  0  0  0  0  2  2]
 [ 0  0 22  0  0  0  0  1]
 [ 1  3  0 17  0  0  0  2]
 [ 5  1  0  1 15  1  0  0]
 [ 1  1  0  0  0 12  8  1]
 [ 0  0  1  0  0  0 22  0]
 [ 3  1  0  0  0  0  0 19]]
------------------------------------------------
