Classifier Results
------------------------------------------------
Dataset: Harry_gym_movements_accel
Classifier: RocketClassifier(num_kernels=1000)
------------------------------------------------
Train time: 0.9638288021087646
Accuracy: 0.9817073170731707
Balanced Accuracy: 0.9836956521739131
Precision: 0.9810267857142857
Recall: 0.9836956521739131
F1 Score: 0.9817997910199979
AUROC: 0.9905510728105829
Confusion Matrix:
 [[23  0  0  0  0  0  0  0]
 [ 0 20  0  0  0  0  0  0]
 [ 1  0 21  0  0  0  0  1]
 [ 0  0  0 20  0  0  0  0]
 [ 0  0  0  0 20  0  0  0]
 [ 0  0  0  0  0 20  0  0]
 [ 0  1  0  0  0  0 22  0]
 [ 0  0  0  0  0  0  0 15]]
------------------------------------------------
