Classifier Results
------------------------------------------------
Dataset: Harry_gym_movements_gz
Classifier: RocketClassifier(num_kernels=1000)
------------------------------------------------
Train time: 0.441516637802124
Accuracy: 0.9456521739130435
Balanced Accuracy: 0.9456521739130435
Precision: 0.9484212115433511
Recall: 0.9456521739130435
F1 Score: 0.9453183413359176
AUROC: 0.968944099378882
Confusion Matrix:
 [[22  0  0  0  0  1  0  0]
 [ 0 23  0  0  0  0  0  0]
 [ 1  0 22  0  0  0  0  0]
 [ 0  0  0 23  0  0  0  0]
 [ 0  0  0  0 23  0  0  0]
 [ 0  0  0  0  0 23  0  0]
 [ 0  0  0  0  0  0 21  2]
 [ 0  0  0  0  0  0  6 17]]
------------------------------------------------
