Classifier Results
------------------------------------------------
Dataset: Harry_gym_movements_ax
Classifier: RocketClassifier(num_kernels=1000)
------------------------------------------------
Train time: 0.42839980125427246
Accuracy: 0.8913043478260869
Balanced Accuracy: 0.8913043478260869
Precision: 0.8914795716857737
Recall: 0.8913043478260869
F1 Score: 0.8884465507602979
AUROC: 0.937888198757764
Confusion Matrix:
 [[15  0  3  0  2  0  1  2]
 [ 0 23  0  0  0  0  0  0]
 [ 1  0 21  0  0  0  0  1]
 [ 1  0  0 22  0  0  0  0]
 [ 0  2  0  2 19  0  0  0]
 [ 0  0  0  0  0 23  0  0]
 [ 0  1  0  0  1  0 21  0]
 [ 0  0  0  0  0  0  3 20]]
------------------------------------------------
