Classifier Results
------------------------------------------------
Dataset: Harry_gym_movements_gx
Classifier: RocketClassifier(num_kernels=1000)
------------------------------------------------
Train time: 0.3486943244934082
Accuracy: 0.8814814814814815
Balanced Accuracy: 0.8761904761904763
Precision: 0.8887755102040817
Recall: 0.8761904761904763
F1 Score: 0.8784931272736152
AUROC: 0.9281832298136646
Confusion Matrix:
 [[17  1  0  1  1  0  0]
 [ 0 20  0  0  0  0  0]
 [ 3  0 16  0  0  0  1]
 [ 0  0  0 19  0  0  1]
 [ 0  4  0  0 11  0  0]
 [ 0  0  3  0  0 17  0]
 [ 0  0  1  0  0  0 19]]
------------------------------------------------
