Classifier Results
------------------------------------------------
Dataset: Harry_gym_movements
Classifier: RocketClassifier(num_kernels=1000)
------------------------------------------------
Train time: 1.6804258823394775
Accuracy: 0.9939024390243902
Balanced Accuracy: 0.9945652173913043
Precision: 0.9921875
Recall: 0.9945652173913043
F1 Score: 0.9931899641577061
AUROC: 0.9968631456084038
Confusion Matrix:
 [[23  0  0  0  0  0  0  0]
 [ 0 20  0  0  0  0  0  0]
 [ 0  0 22  0  0  0  0  1]
 [ 0  0  0 20  0  0  0  0]
 [ 0  0  0  0 20  0  0  0]
 [ 0  0  0  0  0 20  0  0]
 [ 0  0  0  0  0  0 23  0]
 [ 0  0  0  0  0  0  0 15]]
------------------------------------------------
