Classifier Results
------------------------------------------------
Dataset: Harry_gym_movements_ay
Classifier: RocketClassifier(num_kernels=1000)
------------------------------------------------
Train time: 0.31749439239501953
Accuracy: 0.984251968503937
Balanced Accuracy: 0.9857142857142858
Precision: 0.9829931972789117
Recall: 0.9857142857142858
F1 Score: 0.9837058771590222
AUROC: 0.9915630196987797
Confusion Matrix:
 [[18  0  1  0  1  0  0]
 [ 0 20  0  0  0  0  0]
 [ 0  0 20  0  0  0  0]
 [ 0  0  0 18  0  0  0]
 [ 0  0  0  0 13  0  0]
 [ 0  0  0  0  0 18  0]
 [ 0  0  0  0  0  0 18]]
------------------------------------------------
