Classifier Results
------------------------------------------------
Dataset: Harry_gym_movements_az
Classifier: RocketClassifier(num_kernels=1000)
------------------------------------------------
Train time: 0.3898468017578125
Accuracy: 0.7865853658536586
Balanced Accuracy: 0.7913043478260869
Precision: 0.8051008202323993
Recall: 0.7913043478260869
F1 Score: 0.7894842200819008
AUROC: 0.8802924991903056
Confusion Matrix:
 [[ 8  1 10  3  0  0  0  1]
 [ 1 16  1  0  1  0  1  0]
 [ 2  0 20  0  0  0  0  1]
 [ 1  0  2 17  0  0  0  0]
 [ 2  1  0  0 17  0  0  0]
 [ 0  0  2  0  0 18  0  0]
 [ 0  0  1  0  0  0 21  1]
 [ 0  1  0  2  0  0  0 12]]
------------------------------------------------
