Classifier Results
------------------------------------------------
Dataset: gym movements gy
Classifier: Time Series Forest
------------------------------------------------
Summary Stats
------------------------------------------------
Mean Train time: 3.9117104530334474, Standard Deviation: 0.04432331865394885
Mean Accuracy: 0.47777777777777775, Standard Deviation: 0.08221471437193746
Mean Balanced Accuracy: 0.48, Standard Deviation: 0.08360995754095321
Mean Precision: 0.5187323633156966, Standard Deviation: 0.06606387653325113
Mean Recall: 0.47777777777777775, Standard Deviation: 0.08221471437193746
Mean F1 Score: 0.4718773047939714, Standard Deviation: 0.07540408217565427
Mean AUROC: 0.8279821908602152, Standard Deviation: 0.025211346157818386
Confusion Matrix:
 [[11  5  6 11  3  5  3  1]
 [ 3 21  3  8  0  3  3  4]
 [ 1  6 27  3  2  2  4  0]
 [ 7  5  0 23  0  5  1  4]
 [ 5  3  4  3 21  4  4  1]
 [ 5  4  4  7  3 17  4  1]
 [ 4  7  6  3  1  1 23  0]
 [ 1  5  1  6  1  2  0 29]]
------------------------------------------------
Fold Results
------------------------------------------------
Train time: [3.9931294918060303, 3.9446098804473877, 3.890353202819824, 3.8786263465881348, 3.940495014190674, 3.859060525894165, 3.896665096282959, 3.8510358333587646, 3.899263381958008, 3.9638657569885254]
Accuracy: [0.3611111111111111, 0.6666666666666666, 0.5, 0.4722222222222222, 0.5555555555555556, 0.4444444444444444, 0.4444444444444444, 0.4444444444444444, 0.3888888888888889, 0.5]
Balanced Accuracy: [0.36875, 0.675, 0.50625, 0.475, 0.5562499999999999, 0.44999999999999996, 0.4375, 0.44375, 0.3875, 0.5]
Precision: [0.470679012345679, 0.649537037037037, 0.5585978835978835, 0.5105820105820106, 0.607473544973545, 0.4716931216931217, 0.41666666666666663, 0.5262345679012346, 0.49537037037037035, 0.4804894179894179]
Recall: [0.3611111111111111, 0.6666666666666666, 0.5, 0.4722222222222222, 0.5555555555555556, 0.4444444444444444, 0.4444444444444444, 0.4444444444444444, 0.3888888888888889, 0.5]
F1 Score: [0.3617724867724868, 0.6437790604457272, 0.5005210838544172, 0.47451699535032865, 0.5457752124418791, 0.4429112554112554, 0.41884920634920636, 0.45063532146865476, 0.4028419111752445, 0.4771705146705146]
AUROC: [0.8205365143369175, 0.8484262992831542, 0.8162102374551972, 0.8009912634408602, 0.8814544130824372, 0.8180723566308243, 0.8505124327956989, 0.7895945340501792, 0.8331373207885304, 0.8208865367383513]
------------------------------------------------
