Classifier Results
------------------------------------------------
Dataset: gym movements ay
Classifier: Time Series Forest
------------------------------------------------
Summary Stats
------------------------------------------------
Mean Train time: 3.0636584520339967, Standard Deviation: 0.03188870754029676
Mean Accuracy: 0.7500000000000001, Standard Deviation: 0.0713624032148063
Mean Balanced Accuracy: 0.7506250000000001, Standard Deviation: 0.07023676476746346
Mean Precision: 0.7950620290203624, Standard Deviation: 0.06087990790776242
Mean Recall: 0.7500000000000001, Standard Deviation: 0.0713624032148063
Mean F1 Score: 0.7464883187799854, Standard Deviation: 0.06593595390305547
Mean AUROC: 0.9584887432795698, Standard Deviation: 0.013455068646206027
Confusion Matrix:
 [[25  1  9  5  2  0  3  0]
 [ 1 35  0  2  0  0  5  2]
 [ 7  0 37  0  1  0  0  0]
 [ 1  5  0 34  0  2  3  0]
 [ 1  0  4  2 37  1  0  0]
 [ 1  0  1  0  1 42  0  0]
 [ 4  4  0  4  0  0 32  1]
 [ 1  7  0  3  0  0  6 28]]
------------------------------------------------
Fold Results
------------------------------------------------
Train time: [3.07119083404541, 3.046762466430664, 3.069185733795166, 3.0888569355010986, 3.0278587341308594, 3.039139747619629, 3.1446094512939453, 3.056635856628418, 3.0518503189086914, 3.040494441986084]
Accuracy: [0.8055555555555556, 0.6666666666666666, 0.8055555555555556, 0.8333333333333334, 0.7777777777777778, 0.7222222222222222, 0.8611111111111112, 0.6666666666666666, 0.6944444444444444, 0.6666666666666666]
Balanced Accuracy: [0.8125, 0.675, 0.8125, 0.83125, 0.775, 0.7125, 0.85625, 0.675, 0.68125, 0.675]
Precision: [0.8148148148148148, 0.6944444444444444, 0.8354166666666667, 0.8564814814814814, 0.7972222222222222, 0.7495370370370371, 0.9160493827160493, 0.7764550264550265, 0.7339646464646464, 0.7762345679012346]
Recall: [0.8055555555555556, 0.6666666666666666, 0.8055555555555556, 0.8333333333333334, 0.7777777777777778, 0.7222222222222222, 0.8611111111111112, 0.6666666666666666, 0.6944444444444444, 0.6666666666666666]
F1 Score: [0.7990259740259741, 0.6672659130992464, 0.7942273775607109, 0.8068181818181819, 0.7693843193843194, 0.7255571588904922, 0.8641975308641975, 0.6778399070065737, 0.6908619929453264, 0.6697048322048321]
AUROC: [0.9684559811827955, 0.9499327956989246, 0.9664678539426524, 0.9659638216845878, 0.9480986783154122, 0.9410702284946235, 0.9841509856630825, 0.9544690860215054, 0.9668318772401433, 0.9394461245519713]
------------------------------------------------
