Classifier Results
------------------------------------------------
Dataset: gym movements gyro
Classifier: Time Series Forest
------------------------------------------------
Summary Stats
------------------------------------------------
Mean Train time: 11.709434747695923, Standard Deviation: 0.08769315923670215
Mean Accuracy: 0.8472222222222223, Standard Deviation: 0.04166666666666666
Mean Balanced Accuracy: 0.846875, Standard Deviation: 0.042870626599106273
Mean Precision: 0.8677711640211638, Standard Deviation: 0.04559313946954149
Mean Recall: 0.8472222222222223, Standard Deviation: 0.04166666666666666
Mean F1 Score: 0.8422538880872213, Standard Deviation: 0.044532344801040895
Mean AUROC: 0.9827592965949821, Standard Deviation: 0.007302659085002421
Confusion Matrix:
 [[27  0  7  6  4  1  0  0]
 [ 0 43  0  0  0  0  2  0]
 [ 4  0 36  3  2  0  0  0]
 [ 3  0  0 41  0  1  0  0]
 [ 1  1  0  1 42  0  0  0]
 [ 1  0  0  1  0 43  0  0]
 [ 0  3  1  0  0  0 39  2]
 [ 1  3  0  0  0  0  7 34]]
------------------------------------------------
Fold Results
------------------------------------------------
Train time: [11.641918420791626, 11.914471864700317, 11.692013025283813, 11.70069670677185, 11.634925127029419, 11.58568787574768, 11.783927917480469, 11.676172733306885, 11.70619797706604, 11.758335828781128]
Accuracy: [0.9166666666666666, 0.8888888888888888, 0.8333333333333334, 0.8611111111111112, 0.8611111111111112, 0.8611111111111112, 0.7777777777777778, 0.8333333333333334, 0.8611111111111112, 0.7777777777777778]
Balanced Accuracy: [0.91875, 0.89375, 0.85, 0.8625, 0.8625, 0.85, 0.76875, 0.81875, 0.85625, 0.7875000000000001]
Precision: [0.9523809523809523, 0.912962962962963, 0.8191137566137565, 0.8802248677248676, 0.8814814814814815, 0.8712962962962963, 0.7824074074074074, 0.8644179894179894, 0.8824074074074074, 0.8310185185185186]
Recall: [0.9166666666666666, 0.8888888888888888, 0.8333333333333334, 0.8611111111111112, 0.8611111111111112, 0.8611111111111112, 0.7777777777777778, 0.8333333333333334, 0.8611111111111112, 0.7777777777777778]
F1 Score: [0.9229597562930896, 0.8909171075837743, 0.809126984126984, 0.853114478114478, 0.8624739458072792, 0.8546576879910214, 0.7774971941638609, 0.815007215007215, 0.8577441077441077, 0.779040404040404]
AUROC: [0.9915154569892474, 0.9937275985663084, 0.985663082437276, 0.9821348566308244, 0.9815468189964158, 0.9795166890681004, 0.9733562948028673, 0.9877632168458782, 0.9837869623655915, 0.968581989247312]
------------------------------------------------
