Classifier Results
------------------------------------------------
Dataset: gym movements ax
Classifier: Time Series Forest
------------------------------------------------
Summary Stats
------------------------------------------------
Mean Train time: 3.2857067346572877, Standard Deviation: 0.03185048342297028
Mean Accuracy: 0.6805555555555556, Standard Deviation: 0.03778186252426512
Mean Balanced Accuracy: 0.68625, Standard Deviation: 0.038099376635320446
Mean Precision: 0.7243937389770723, Standard Deviation: 0.04903632534061377
Mean Recall: 0.6805555555555556, Standard Deviation: 0.03778186252426512
Mean F1 Score: 0.6765171556838224, Standard Deviation: 0.03679178379349909
Mean AUROC: 0.9270007280465948, Standard Deviation: 0.022504168102289966
Confusion Matrix:
 [[18  0 10  0 13  1  0  3]
 [ 0 28  0  4  4  2  4  3]
 [ 8  0 34  0  2  0  0  1]
 [ 1  0  0 39  0  4  0  1]
 [ 6  3  3  0 31  2  0  0]
 [ 2  4  0  5  4 28  1  1]
 [ 0  3  0  3  5  2 30  2]
 [ 2  3  1  0  0  0  2 37]]
------------------------------------------------
Fold Results
------------------------------------------------
Train time: [3.322787046432495, 3.2403743267059326, 3.308434009552002, 3.3005003929138184, 3.255129098892212, 3.2582645416259766, 3.301722526550293, 3.2402663230895996, 3.32657527923584, 3.303013801574707]
Accuracy: [0.6944444444444444, 0.6388888888888888, 0.75, 0.6944444444444444, 0.6944444444444444, 0.6111111111111112, 0.6944444444444444, 0.6388888888888888, 0.6944444444444444, 0.6944444444444444]
Balanced Accuracy: [0.70625, 0.6625000000000001, 0.7562500000000001, 0.7000000000000001, 0.70625, 0.6125, 0.6875, 0.6375, 0.69375, 0.7000000000000001]
Precision: [0.7175925925925926, 0.662962962962963, 0.7951058201058201, 0.7268518518518517, 0.7654320987654321, 0.6439814814814814, 0.7982804232804233, 0.6845238095238095, 0.7214285714285714, 0.7277777777777777]
Recall: [0.6944444444444444, 0.6388888888888888, 0.75, 0.6944444444444444, 0.6944444444444444, 0.6111111111111112, 0.6944444444444444, 0.6388888888888888, 0.6944444444444444, 0.6944444444444444]
F1 Score: [0.7005772005772006, 0.6252645502645503, 0.728114478114478, 0.6964866923200256, 0.6992945326278659, 0.6108545775212443, 0.6960678210678211, 0.6353896103896104, 0.6775132275132276, 0.6956088664421998]
AUROC: [0.9346158154121864, 0.9114583333333334, 0.9572272625448027, 0.9282594086021505, 0.9341257840501791, 0.9135304659498207, 0.9290294578853047, 0.878948252688172, 0.9624915994623657, 0.9203209005376345]
------------------------------------------------
