Classifier Results
------------------------------------------------
Dataset: gym movements az
Classifier: Time Series Forest
------------------------------------------------
Summary Stats
------------------------------------------------
Mean Train time: 3.9088369369506837, Standard Deviation: 0.028683776564085103
Mean Accuracy: 0.45, Standard Deviation: 0.071145824860365
Mean Balanced Accuracy: 0.44750000000000006, Standard Deviation: 0.07443537465479702
Mean Precision: 0.4700617283950617, Standard Deviation: 0.08918714266197279
Mean Recall: 0.45, Standard Deviation: 0.071145824860365
Mean F1 Score: 0.4408231583231584, Standard Deviation: 0.0787973654993261
Mean AUROC: 0.8310455869175627, Standard Deviation: 0.02966096897929657
Confusion Matrix:
 [[ 8  2 12  5 13  2  0  3]
 [ 5 13  3  5  9  2  7  1]
 [13  4 15  4  4  2  3  0]
 [ 6  2  3 15  9  3  3  4]
 [ 5  7  4  4 21  0  3  1]
 [ 2  0  3  1  4 27  6  2]
 [ 0  4  0  0  0  1 40  0]
 [ 5  0  2  8  5  1  1 23]]
------------------------------------------------
Fold Results
------------------------------------------------
Train time: [3.9523072242736816, 3.921088218688965, 3.8530025482177734, 3.9264426231384277, 3.8972737789154053, 3.908647298812866, 3.9399943351745605, 3.885174036026001, 3.924673557281494, 3.879765748977661]
Accuracy: [0.4444444444444444, 0.5555555555555556, 0.5833333333333334, 0.4166666666666667, 0.3888888888888889, 0.4722222222222222, 0.4444444444444444, 0.3611111111111111, 0.3611111111111111, 0.4722222222222222]
Balanced Accuracy: [0.44375000000000003, 0.55, 0.59375, 0.40625000000000006, 0.375, 0.475, 0.45, 0.36250000000000004, 0.35625, 0.4625]
Precision: [0.4460978835978836, 0.6225749559082892, 0.6043650793650794, 0.40509259259259256, 0.38161375661375657, 0.48148148148148145, 0.4877645502645503, 0.3201058201058201, 0.439484126984127, 0.5120370370370371]
Recall: [0.4444444444444444, 0.5555555555555556, 0.5833333333333334, 0.4166666666666667, 0.3888888888888889, 0.4722222222222222, 0.4444444444444444, 0.3611111111111111, 0.3611111111111111, 0.4722222222222222]
F1 Score: [0.4301208051208051, 0.5720899470899471, 0.5750440917107584, 0.4042531542531542, 0.36441798941798936, 0.460978835978836, 0.445496632996633, 0.33002244668911335, 0.3614718614718615, 0.46433581850248523]
AUROC: [0.8237847222222222, 0.8449680779569892, 0.8342573924731184, 0.7733814964157706, 0.8056675627240143, 0.8713037634408602, 0.8457241263440861, 0.797645049283154, 0.8448840725806452, 0.8688396057347672]
------------------------------------------------
