Classifier Results
------------------------------------------------
Dataset: gym movements
Classifier: Time Series Forest
------------------------------------------------
Summary Stats
------------------------------------------------
Mean Train time: 23.204096603393555, Standard Deviation: 0.09674307077222997
Mean Accuracy: 0.9416666666666667, Standard Deviation: 0.03818813079129868
Mean Balanced Accuracy: 0.9412500000000001, Standard Deviation: 0.038850675669800126
Mean Precision: 0.9534854497354497, Standard Deviation: 0.030654602089730323
Mean Recall: 0.9416666666666667, Standard Deviation: 0.03818813079129868
Mean F1 Score: 0.9405862193362194, Standard Deviation: 0.038987044849380856
Mean AUROC: 0.9933019713261648, Standard Deviation: 0.00495582358880886
Confusion Matrix:
 [[37  0  6  1  1  0  0  0]
 [ 0 43  0  0  0  0  2  0]
 [ 3  0 41  0  1  0  0  0]
 [ 0  0  0 45  0  0  0  0]
 [ 1  0  1  0 42  1  0  0]
 [ 0  0  0  0  0 45  0  0]
 [ 0  0  0  0  0  0 45  0]
 [ 0  2  1  0  0  0  1 41]]
------------------------------------------------
Fold Results
------------------------------------------------
Train time: [23.2146098613739, 23.181221961975098, 23.060153245925903, 23.307695627212524, 23.19474744796753, 23.00601553916931, 23.325659036636353, 23.234291076660156, 23.24067449569702, 23.27589774131775]
Accuracy: [0.9444444444444444, 0.9166666666666666, 0.9444444444444444, 1.0, 0.9444444444444444, 0.9166666666666666, 1.0, 0.8888888888888888, 0.9722222222222222, 0.8888888888888888]
Balanced Accuracy: [0.94375, 0.925, 0.95, 1.0, 0.94375, 0.90625, 1.0, 0.88125, 0.96875, 0.89375]
Precision: [0.9546296296296296, 0.9314814814814815, 0.9537037037037037, 1.0, 0.9603174603174602, 0.9333333333333331, 1.0, 0.9175925925925925, 0.9777777777777779, 0.9060185185185183]
Recall: [0.9444444444444444, 0.9166666666666666, 0.9444444444444444, 1.0, 0.9444444444444444, 0.9166666666666666, 1.0, 0.8888888888888888, 0.9722222222222222, 0.8888888888888888]
F1 Score: [0.9437229437229439, 0.9189113355780023, 0.9400252525252526, 1.0, 0.945546737213404, 0.9135802469135802, 1.0, 0.8844636844636844, 0.9717813051146386, 0.8878306878306879]
AUROC: [0.9919354838709677, 0.9932795698924731, 0.9946236559139786, 0.9991039426523298, 0.9861111111111112, 0.9861111111111112, 0.9991319444444444, 0.9969198028673836, 0.9982638888888888, 0.9875392025089604]
------------------------------------------------
