Classifier Results
------------------------------------------------
Dataset: gym movements accel
Classifier: Time Series Forest
------------------------------------------------
Summary Stats
------------------------------------------------
Mean Train time: 11.574517965316772, Standard Deviation: 0.07219229223059856
Mean Accuracy: 0.8527777777777779, Standard Deviation: 0.060921422776281396
Mean Balanced Accuracy: 0.8543750000000001, Standard Deviation: 0.06225263548637921
Mean Precision: 0.8721130952380953, Standard Deviation: 0.0597535909674925
Mean Recall: 0.8527777777777779, Standard Deviation: 0.060921422776281396
Mean F1 Score: 0.8489752068918737, Standard Deviation: 0.06301373326553421
Mean AUROC: 0.9813578068996416, Standard Deviation: 0.009972311076533666
Confusion Matrix:
 [[29  0  9  1  4  0  0  2]
 [ 0 38  0  1  1  0  3  2]
 [ 6  0 38  0  1  0  0  0]
 [ 0  1  0 41  1  1  1  0]
 [ 3  0  2  0 39  1  0  0]
 [ 0  0  0  1  1 43  0  0]
 [ 1  3  0  1  0  0 39  1]
 [ 0  2  1  1  0  0  1 40]]
------------------------------------------------
Fold Results
------------------------------------------------
Train time: [11.530361890792847, 11.595434188842773, 11.565467357635498, 11.543846845626831, 11.43692946434021, 11.58102822303772, 11.688254356384277, 11.51964783668518, 11.59387731552124, 11.690332174301147]
Accuracy: [0.7777777777777778, 0.8333333333333334, 0.8611111111111112, 0.9166666666666666, 0.8888888888888888, 0.75, 0.9722222222222222, 0.8333333333333334, 0.8611111111111112, 0.8333333333333334]
Balanced Accuracy: [0.7875, 0.84375, 0.8625, 0.925, 0.89375, 0.7375, 0.96875, 0.8375, 0.85625, 0.83125]
Precision: [0.7701058201058202, 0.8626984126984127, 0.8927248677248676, 0.9277777777777777, 0.9256944444444445, 0.787037037037037, 0.976851851851852, 0.8587962962962963, 0.8675925925925926, 0.8518518518518517]
Recall: [0.7777777777777778, 0.8333333333333334, 0.8611111111111112, 0.9166666666666666, 0.8888888888888888, 0.75, 0.9722222222222222, 0.8333333333333334, 0.8611111111111112, 0.8333333333333334]
F1 Score: [0.7580968414301749, 0.8352072310405644, 0.8482643899310565, 0.9128086419753088, 0.8895757020757021, 0.7487173320506654, 0.9715007215007216, 0.8337983004649671, 0.8564213564213564, 0.8353615520282188]
AUROC: [0.9763664874551972, 0.9668458781362007, 0.9925375224014338, 0.9920754928315413, 0.9665938620071685, 0.9764224910394267, 0.9960657482078853, 0.9761424731182795, 0.9864331317204302, 0.9840949820788532]
------------------------------------------------
