Classifier Results
------------------------------------------------
Dataset: gym movements gx
Classifier: Time Series Forest
------------------------------------------------
Summary Stats
------------------------------------------------
Mean Train time: 3.7255817890167235, Standard Deviation: 0.04001107883768593
Mean Accuracy: 0.5222222222222223, Standard Deviation: 0.12472191289246472
Mean Balanced Accuracy: 0.52125, Standard Deviation: 0.13152352451177696
Mean Precision: 0.5553990299823633, Standard Deviation: 0.15411645883620673
Mean Recall: 0.5222222222222223, Standard Deviation: 0.12472191289246472
Mean F1 Score: 0.5114010172833702, Standard Deviation: 0.12950092970139626
Mean AUROC: 0.8583725358422939, Standard Deviation: 0.05462266501890357
Confusion Matrix:
 [[15  3  6  8  3  3  6  1]
 [ 1 27  1  1  8  0  6  1]
 [ 8  4 22  0  5  1  4  1]
 [ 6  4  3 16  5  2  5  4]
 [ 1 12  3  5 20  0  1  3]
 [ 2  3  4  0  0 34  1  1]
 [ 2  6  2  0  5  1 25  4]
 [ 4  2  1  0  0  5  4 29]]
------------------------------------------------
Fold Results
------------------------------------------------
Train time: [3.7146177291870117, 3.7141451835632324, 3.755136013031006, 3.7523462772369385, 3.720331907272339, 3.634906053543091, 3.724104642868042, 3.727269411087036, 3.7117369174957275, 3.8012237548828125]
Accuracy: [0.6666666666666666, 0.6944444444444444, 0.4444444444444444, 0.5555555555555556, 0.3055555555555556, 0.3333333333333333, 0.4722222222222222, 0.6111111111111112, 0.5833333333333334, 0.5555555555555556]
Balanced Accuracy: [0.675, 0.7, 0.45625, 0.56875, 0.30000000000000004, 0.3125, 0.45, 0.60625, 0.59375, 0.55]
Precision: [0.771274250440917, 0.7591049382716049, 0.36428571428571427, 0.5854497354497354, 0.39616402116402116, 0.35879629629629634, 0.4009259259259259, 0.6828042328042327, 0.6263888888888888, 0.6087962962962963]
Recall: [0.6666666666666666, 0.6944444444444444, 0.4444444444444444, 0.5555555555555556, 0.3055555555555556, 0.3333333333333333, 0.4722222222222222, 0.6111111111111112, 0.5833333333333334, 0.5555555555555556]
F1 Score: [0.653958078958079, 0.6931216931216931, 0.3894500561167227, 0.5371352413019079, 0.31711775878442544, 0.32388733271086206, 0.43322109988776647, 0.6201298701298702, 0.5870791245791245, 0.5589099172432506]
AUROC: [0.8671174955197132, 0.8998235887096774, 0.8581149193548386, 0.8735719086021505, 0.7734094982078853, 0.739289314516129, 0.8599070340501793, 0.912858422939068, 0.8982694892473118, 0.9013636872759858]
------------------------------------------------
