Classifier Results
------------------------------------------------
Dataset: gym movements gz
Classifier: Time Series Forest
------------------------------------------------
Summary Stats
------------------------------------------------
Mean Train time: 2.7353617668151857, Standard Deviation: 0.022796830086431165
Mean Accuracy: 0.7833333333333334, Standard Deviation: 0.06060395619242066
Mean Balanced Accuracy: 0.783125, Standard Deviation: 0.0612404329262947
Mean Precision: 0.8052414021164023, Standard Deviation: 0.06266914147516599
Mean Recall: 0.7833333333333334, Standard Deviation: 0.06060395619242066
Mean F1 Score: 0.7776380255546921, Standard Deviation: 0.06307439019271183
Mean AUROC: 0.9691056227598566, Standard Deviation: 0.008646042936123356
Confusion Matrix:
 [[28  0  9  4  3  1  0  0]
 [ 0 41  0  0  1  0  1  2]
 [10  0 28  2  3  2  0  0]
 [ 3  0  1 40  0  1  0  0]
 [ 3  1  1  0 39  1  0  0]
 [ 0  1  1  2  1 40  0  0]
 [ 0  3  0  0  0  0 37  5]
 [ 0  4  1  0  0  0 11 29]]
------------------------------------------------
Fold Results
------------------------------------------------
Train time: [2.769240617752075, 2.7414369583129883, 2.7565183639526367, 2.727560520172119, 2.6817786693573, 2.750661611557007, 2.7296199798583984, 2.7260043621063232, 2.7471890449523926, 2.7236075401306152]
Accuracy: [0.8055555555555556, 0.8055555555555556, 0.8611111111111112, 0.7222222222222222, 0.8333333333333334, 0.8611111111111112, 0.7222222222222222, 0.7777777777777778, 0.7777777777777778, 0.6666666666666666]
Balanced Accuracy: [0.8125, 0.8125, 0.875, 0.725, 0.83125, 0.85, 0.7125, 0.7625, 0.775, 0.675]
Precision: [0.825925925925926, 0.8388888888888888, 0.8825396825396825, 0.7701058201058201, 0.8756944444444444, 0.8564814814814814, 0.7199074074074074, 0.7865740740740742, 0.8143518518518519, 0.6819444444444445]
Recall: [0.8055555555555556, 0.8055555555555556, 0.8611111111111112, 0.7222222222222222, 0.8333333333333334, 0.8611111111111112, 0.7222222222222222, 0.7777777777777778, 0.7777777777777778, 0.6666666666666666]
F1 Score: [0.8104457271123937, 0.8055295013628346, 0.8587962962962963, 0.7066899150232483, 0.8278473070139738, 0.8564213564213564, 0.7188552188552189, 0.7696488696488696, 0.7620650953984287, 0.6600809684143017]
AUROC: [0.9649697580645162, 0.9697020609318996, 0.9753864247311826, 0.9693380376344085, 0.9503948252688174, 0.9842349910394265, 0.9626456093189965, 0.9737343189964158, 0.9750924059139786, 0.9655577956989246]
------------------------------------------------
