Classifier Results
------------------------------------------------
Dataset: Harry_gym_movements_ax
Classifier: KNeighborsClassifier()
------------------------------------------------
Train time: 0.0
Accuracy: 0.5304878048780488
Balanced Accuracy: 0.5476449275362318
Precision: 0.5891750376596144
Recall: 0.5476449275362318
F1 Score: 0.538755782978472
AUROC: 0.864755336265479
Confusion Matrix:
 [[ 9  1  4  0  3  1  0  5]
 [ 0  8  0  3  1  0  4  4]
 [ 6  0 10  0  0  0  0  7]
 [ 3  3  0 13  1  0  0  0]
 [ 1  2  0  4  9  0  0  4]
 [ 4  1  0  2  0 12  0  1]
 [ 2  2  0  0  0  1 12  6]
 [ 1  0  0  0  0  0  0 14]]
------------------------------------------------
