Classifier Results
------------------------------------------------
Dataset: Harry_gym_movements_az
Classifier: KNeighborsClassifier()
------------------------------------------------
Train time: 0.0
Accuracy: 0.4740740740740741
Balanced Accuracy: 0.46190476190476193
Precision: 0.5142567605086346
Recall: 0.46190476190476193
F1 Score: 0.45715530086192907
AUROC: 0.7834851621808144
Confusion Matrix:
 [[ 9  0  4  4  0  3  0]
 [ 4  8  0  3  0  2  3]
 [ 4  0 11  3  0  2  0]
 [ 3  1  2  9  1  4  0]
 [ 5  1  2  2  2  2  1]
 [ 3  1  0  1  0 13  2]
 [ 1  4  1  1  0  1 12]]
------------------------------------------------
