Classifier Results
------------------------------------------------
Dataset: Harry_gym_movements_gx
Classifier: KNeighborsClassifier()
------------------------------------------------
Train time: 0.0009949207305908203
Accuracy: 0.38414634146341464
Balanced Accuracy: 0.40489130434782605
Precision: 0.4522235987696514
Recall: 0.40489130434782605
F1 Score: 0.3871033393879121
AUROC: 0.7633596861804741
Confusion Matrix:
 [[ 4  0  3  0  0  2  5  9]
 [ 0 11  0  0  2  0  4  3]
 [ 3  0  8  0  0  4  2  6]
 [ 3  3  0  3  1  0  1  9]
 [ 0  6  0  5  8  0  0  1]
 [ 1  1  2  0  0 12  0  4]
 [ 0  0  2  0  0  0  5 16]
 [ 0  0  0  0  0  1  2 12]]
------------------------------------------------
