Classifier Results
------------------------------------------------
Dataset: Harry_gym_movements_accel
Classifier: KNeighborsClassifier()
------------------------------------------------
Train time: 0.0
Accuracy: 0.7560975609756098
Balanced Accuracy: 0.7645833333333334
Precision: 0.7808982683982684
Recall: 0.7645833333333334
F1 Score: 0.7597673795106313
AUROC: 0.9533671166247937
Confusion Matrix:
 [[10  0  5  0  1  0  0  7]
 [ 0 18  0  0  0  1  0  1]
 [ 8  0 15  0  0  0  0  0]
 [ 2  2  0 14  0  0  0  2]
 [ 2  2  0  0 14  0  0  2]
 [ 0  0  0  0  0 19  1  0]
 [ 0  0  0  0  0  1 21  1]
 [ 0  2  0  0  0  0  0 13]]
------------------------------------------------
