Classifier Results
------------------------------------------------
Dataset: Harry_gym_movements_gz
Classifier: KNeighborsClassifier()
------------------------------------------------
Train time: 0.0
Accuracy: 0.5853658536585366
Balanced Accuracy: 0.5930253623188406
Precision: 0.5966301169590643
Recall: 0.5930253623188406
F1 Score: 0.5806755759793274
AUROC: 0.9020267443233869
Confusion Matrix:
 [[ 6  5  8  0  2  2  0  0]
 [ 0 16  0  0  0  1  0  3]
 [ 8  0  5  0  2  6  0  2]
 [ 1  7  0 12  0  0  0  0]
 [ 2  3  0  0 15  0  0  0]
 [ 2  0  2  0  0 16  0  0]
 [ 0  0  0  0  0  0 18  5]
 [ 0  1  0  0  0  0  6  8]]
------------------------------------------------
