Classifier Results
------------------------------------------------
Dataset: Harry_gym_movements_gy
Classifier: KNeighborsClassifier()
------------------------------------------------
Train time: 0.0
Accuracy: 0.3037037037037037
Balanced Accuracy: 0.29523809523809524
Precision: 0.34070363466915193
Recall: 0.29523809523809524
F1 Score: 0.27611921286733315
AUROC: 0.6663336783988958
Confusion Matrix:
 [[11  0  0  7  0  2  0]
 [11  0  0  5  1  2  1]
 [10  0  5  1  0  2  2]
 [ 5  0  1 10  1  2  1]
 [ 8  0  0  6  1  0  0]
 [ 5  0  1  5  1  7  1]
 [ 8  1  1  3  0  0  7]]
------------------------------------------------
