Classifier Results
------------------------------------------------
Dataset: Harry_gym_movements
Classifier: KNeighborsClassifier()
------------------------------------------------
Train time: 0.0
Accuracy: 0.8461538461538461
Balanced Accuracy: 0.8465838509316771
Precision: 0.871961586566994
Recall: 0.8465838509316771
F1 Score: 0.8469208994790389
AUROC: 0.9743264909357168
Confusion Matrix:
 [[19  2  2  0  0  0  0]
 [ 0 20  0  0  0  0  0]
 [ 6  0 14  0  0  0  0]
 [ 0  4  0 13  1  0  2]
 [ 2  2  0  0 16  0  0]
 [ 0  0  0  0  0 19  1]
 [ 0  0  0  0  0  0 20]]
------------------------------------------------
