Classifier Results
------------------------------------------------
Dataset: Harry_gym_movements_gyro
Classifier: KNeighborsClassifier()
------------------------------------------------
Train time: 0.0
Accuracy: 0.5914634146341463
Balanced Accuracy: 0.6063405797101449
Precision: 0.6795047870050805
Recall: 0.6063405797101449
F1 Score: 0.6067597097503964
AUROC: 0.8931671724184718
Confusion Matrix:
 [[ 6  1  3  0  0  2  0 11]
 [ 0 15  0  0  0  0  0  5]
 [ 3  0 10  0  1  4  0  5]
 [ 1  4  0 10  0  0  2  3]
 [ 2  1  0  0 16  0  0  1]
 [ 1  0  0  0  0 17  1  1]
 [ 0  0  1  0  0  0 12 10]
 [ 0  0  0  0  0  0  4 11]]
------------------------------------------------
