Classifier Results
------------------------------------------------
Dataset: Harry_gym_movements_ay
Classifier: KNeighborsClassifier()
------------------------------------------------
Train time: 0.0
Accuracy: 0.5853658536585366
Balanced Accuracy: 0.6058876811594203
Precision: 0.6589542773469724
Recall: 0.6058876811594203
F1 Score: 0.5927021657559458
AUROC: 0.8766903990012734
Confusion Matrix:
 [[ 7  4  8  0  1  1  0  2]
 [ 0 14  0  0  1  0  1  4]
 [ 8  0 12  0  2  1  0  0]
 [ 1  2  0 12  0  0  0  5]
 [ 2  3  0  0 15  0  0  0]
 [ 1  0  2  0  1 16  0  0]
 [ 0  4  0  0  0  0  7 12]
 [ 0  2  0  0  0  0  0 13]]
------------------------------------------------
