Classifier Results
------------------------------------------------
Dataset: gym movements gy
Classifier: Multi-layer Perceptron
------------------------------------------------
Summary Stats
------------------------------------------------
Mean Train time: 0.37127420902252195, Standard Deviation: 0.012297369355173657
Mean Accuracy: 0.2972222222222222, Standard Deviation: 0.07458734212276419
Mean Balanced Accuracy: 0.2925, Standard Deviation: 0.07206767652699787
Mean Precision: 0.32640873015873006, Standard Deviation: 0.06746729590941632
Mean Recall: 0.2972222222222222, Standard Deviation: 0.07458734212276419
Mean F1 Score: 0.294960610377277, Standard Deviation: 0.07066846556798193
Mean AUROC: 0.6786290322580645, Standard Deviation: 0.04455110610349982
Confusion Matrix:
 [[14  6  4  5  5  2  2  7]
 [ 6 10  5  5  5  1  4  9]
 [ 3  7 18  2  3  5  3  4]
 [12  4  0  8  5  5  3  8]
 [ 5  2  0  3 18  5  6  6]
 [ 5  2  2  4  4 21  3  4]
 [ 2  6  5  5  9  6 11  1]
 [ 8  7  2  9  3  8  1  7]]
------------------------------------------------
Fold Results
------------------------------------------------
Train time: [0.38356637954711914, 0.3967771530151367, 0.37206482887268066, 0.3710637092590332, 0.3670639991760254, 0.35329508781433105, 0.3550570011138916, 0.3718278408050537, 0.378281831741333, 0.36374425888061523]
Accuracy: [0.2777777777777778, 0.2777777777777778, 0.2777777777777778, 0.19444444444444445, 0.4444444444444444, 0.25, 0.4166666666666667, 0.25, 0.3333333333333333, 0.25]
Balanced Accuracy: [0.26875000000000004, 0.26875000000000004, 0.275, 0.1875, 0.425, 0.25625, 0.41875, 0.25, 0.325, 0.25]
Precision: [0.3089285714285714, 0.3002645502645503, 0.31666666666666665, 0.23379629629629628, 0.39348544973544974, 0.2672619047619047, 0.46660052910052907, 0.3023148148148148, 0.39814814814814814, 0.27662037037037035]
Recall: [0.2777777777777778, 0.2777777777777778, 0.2777777777777778, 0.19444444444444445, 0.4444444444444444, 0.25, 0.4166666666666667, 0.25, 0.3333333333333333, 0.25]
F1 Score: [0.28728755812089146, 0.27532267115600445, 0.2766714766714766, 0.19954505371172038, 0.40232606899273565, 0.24383517716851047, 0.426994301994302, 0.25829941663274997, 0.34917243250576585, 0.2301519468186135]
AUROC: [0.616459453405018, 0.7335909498207884, 0.6760752688172044, 0.6725470430107527, 0.7721214157706093, 0.6565860215053764, 0.6952284946236559, 0.6257840501792115, 0.6837197580645161, 0.6541778673835127]
------------------------------------------------
