Classifier Results
------------------------------------------------
Dataset: gym movements ax
Classifier: Multi-layer Perceptron
------------------------------------------------
Summary Stats
------------------------------------------------
Mean Train time: 0.3799630880355835, Standard Deviation: 0.017570173368963212
Mean Accuracy: 0.5777777777777777, Standard Deviation: 0.07114582486036498
Mean Balanced Accuracy: 0.57625, Standard Deviation: 0.06986594306241062
Mean Precision: 0.6046097883597884, Standard Deviation: 0.08657453915784875
Mean Recall: 0.5777777777777777, Standard Deviation: 0.07114582486036498
Mean F1 Score: 0.5743869556369556, Standard Deviation: 0.07713788946833243
Mean AUROC: 0.8747171818996415, Standard Deviation: 0.03342700360858369
Confusion Matrix:
 [[15  2  9  1  5  8  1  4]
 [ 4 20  0  1  2  4  4 10]
 [13  1 26  1  0  2  0  2]
 [ 0  1  0 33  7  1  0  3]
 [ 8  0  0  8 21  3  2  3]
 [ 3  5  0  5  0 31  0  1]
 [ 2  4  0  0  0  3 36  0]
 [ 4  5  1  0  2  2  5 26]]
------------------------------------------------
Fold Results
------------------------------------------------
Train time: [0.3680689334869385, 0.4045703411102295, 0.3818080425262451, 0.41407179832458496, 0.3665637969970703, 0.3895680904388428, 0.38528943061828613, 0.3585629463195801, 0.3650641441345215, 0.36606335639953613]
Accuracy: [0.4444444444444444, 0.5833333333333334, 0.5555555555555556, 0.6388888888888888, 0.6111111111111112, 0.5833333333333334, 0.7222222222222222, 0.5555555555555556, 0.5, 0.5833333333333334]
Balanced Accuracy: [0.44375, 0.5874999999999999, 0.55625, 0.64375, 0.6125, 0.5687500000000001, 0.7125, 0.55625, 0.5, 0.58125]
Precision: [0.5055555555555555, 0.6375661375661374, 0.599537037037037, 0.7222222222222222, 0.6039021164021164, 0.6222222222222222, 0.7611111111111111, 0.5509259259259259, 0.4555555555555555, 0.5874999999999999]
Recall: [0.4444444444444444, 0.5833333333333334, 0.5555555555555556, 0.6388888888888888, 0.6111111111111112, 0.5833333333333334, 0.7222222222222222, 0.5555555555555556, 0.5, 0.5833333333333334]
F1 Score: [0.44858505691839023, 0.5681818181818182, 0.5652557319223985, 0.6541887125220458, 0.5982142857142857, 0.5797558922558923, 0.7337962962962963, 0.5383320383320384, 0.47530864197530864, 0.5822510822510822]
AUROC: [0.8152161738351255, 0.9003976254480287, 0.8362175179211468, 0.8804323476702509, 0.8682795698924731, 0.8780521953405018, 0.9422603046594982, 0.8706597222222222, 0.857722894265233, 0.8979334677419355]
------------------------------------------------
