Classifier Results
------------------------------------------------
Dataset: gym movements gz
Classifier: Multi-layer Perceptron
------------------------------------------------
Summary Stats
------------------------------------------------
Mean Train time: 0.38129606246948244, Standard Deviation: 0.019445042887798178
Mean Accuracy: 0.6222222222222221, Standard Deviation: 0.061111111111111095
Mean Balanced Accuracy: 0.623125, Standard Deviation: 0.047107755465528166
Mean Precision: 0.6259953703703702, Standard Deviation: 0.07066251970386857
Mean Recall: 0.6222222222222221, Standard Deviation: 0.061111111111111095
Mean F1 Score: 0.6029595250428584, Standard Deviation: 0.06496167485786908
Mean AUROC: 0.9031642025089607, Standard Deviation: 0.03225387321172506
Confusion Matrix:
 [[11  3 13  4  8  4  0  2]
 [ 4 32  0  0  1  0  5  3]
 [15  1 18  1  2  8  0  0]
 [ 5  2  0 36  0  0  0  2]
 [ 4  0  0  0 39  1  1  0]
 [ 1  0  6  0  0 38  0  0]
 [ 0  5  2  0  0  0 18 20]
 [ 0  3  0  0  0  1  9 32]]
------------------------------------------------
Fold Results
------------------------------------------------
Train time: [0.4162912368774414, 0.4190695285797119, 0.3775670528411865, 0.37287449836730957, 0.35956430435180664, 0.3845686912536621, 0.3788316249847412, 0.37006449699401855, 0.37056469917297363, 0.36356449127197266]
Accuracy: [0.5, 0.6388888888888888, 0.5555555555555556, 0.6111111111111112, 0.6111111111111112, 0.6666666666666666, 0.7222222222222222, 0.6111111111111112, 0.6944444444444444, 0.6111111111111112]
Balanced Accuracy: [0.525, 0.65625, 0.5875, 0.625, 0.60625, 0.6375, 0.69375, 0.6062500000000001, 0.6875, 0.60625]
Precision: [0.47261904761904755, 0.6662037037037037, 0.5305555555555556, 0.6768518518518518, 0.5981481481481481, 0.646031746031746, 0.694212962962963, 0.6212962962962963, 0.7089285714285715, 0.6451058201058201]
Recall: [0.5, 0.6388888888888888, 0.5555555555555556, 0.6111111111111112, 0.6111111111111112, 0.6666666666666666, 0.7222222222222222, 0.6111111111111112, 0.6944444444444444, 0.6111111111111112]
F1 Score: [0.467502405002405, 0.6311046977713644, 0.5208553791887125, 0.5887846721180056, 0.5876145459478793, 0.6431778098444765, 0.6874051874051873, 0.6038159371492705, 0.686878707712041, 0.6124559082892416]
AUROC: [0.8565468189964158, 0.9304715501792116, 0.8661514336917563, 0.9285114247311829, 0.8655633960573478, 0.9389840949820789, 0.9397121415770608, 0.8865367383512545, 0.9328237007168458, 0.8863407258064516]
------------------------------------------------
