Classifier Results
------------------------------------------------
Dataset: gym movements gx
Classifier: Multi-layer Perceptron
------------------------------------------------
Summary Stats
------------------------------------------------
Mean Train time: 0.379687237739563, Standard Deviation: 0.016027483832077395
Mean Accuracy: 0.39722222222222225, Standard Deviation: 0.09300371690435115
Mean Balanced Accuracy: 0.395625, Standard Deviation: 0.09834767727302968
Mean Precision: 0.41774470899470895, Standard Deviation: 0.11119217505377291
Mean Recall: 0.39722222222222225, Standard Deviation: 0.09300371690435115
Mean F1 Score: 0.3890691253191253, Standard Deviation: 0.09711206874411495
Mean AUROC: 0.7603354614695339, Standard Deviation: 0.054319642125891174
Confusion Matrix:
 [[13  4  8  2  6  2  8  2]
 [ 1 24  2  4  7  1  2  4]
 [ 7  1 18  1  1  8  5  4]
 [ 1  5  1 17  9  1  9  2]
 [ 3  8  1  6 19  2  3  3]
 [ 5  1  7  1  1 24  3  3]
 [ 2  3  2  5  2  4 14 13]
 [ 6  6  1  4  3  6  5 14]]
------------------------------------------------
Fold Results
------------------------------------------------
Train time: [0.3560616970062256, 0.4162776470184326, 0.37456607818603516, 0.38106703758239746, 0.37306642532348633, 0.3690643310546875, 0.39206933975219727, 0.36356353759765625, 0.3840670585632324, 0.3870692253112793]
Accuracy: [0.4444444444444444, 0.5555555555555556, 0.4444444444444444, 0.4444444444444444, 0.19444444444444445, 0.3611111111111111, 0.3055555555555556, 0.3611111111111111, 0.4166666666666667, 0.4444444444444444]
Balanced Accuracy: [0.45625000000000004, 0.5625, 0.44999999999999996, 0.45, 0.18125000000000002, 0.35000000000000003, 0.3, 0.36875, 0.40625, 0.43125]
Precision: [0.4580026455026456, 0.5393518518518519, 0.5244708994708994, 0.5132275132275131, 0.18055555555555555, 0.43333333333333335, 0.24933862433862433, 0.39451058201058203, 0.4349206349206349, 0.4497354497354497]
Recall: [0.4444444444444444, 0.5555555555555556, 0.4444444444444444, 0.4444444444444444, 0.19444444444444445, 0.3611111111111111, 0.3055555555555556, 0.3611111111111111, 0.4166666666666667, 0.4444444444444444]
F1 Score: [0.42621653038319707, 0.5380731922398589, 0.4642416225749559, 0.4578843995510662, 0.1832070707070707, 0.35290635290635286, 0.2687312687312688, 0.3650893859227193, 0.41430776014109344, 0.4200336700336701]
AUROC: [0.7008568548387097, 0.8809083781362007, 0.7579245071684587, 0.7682291666666666, 0.6776433691756273, 0.772709453405018, 0.7762656810035842, 0.7368951612903225, 0.7240983422939069, 0.8078237007168458]
------------------------------------------------
