Classifier Results
------------------------------------------------
Dataset: gym movements accel
Classifier: Multi-layer Perceptron
------------------------------------------------
Summary Stats
------------------------------------------------
Mean Train time: 0.5528758287429809, Standard Deviation: 0.015408180108941488
Mean Accuracy: 0.6666666666666666, Standard Deviation: 0.055555555555555546
Mean Balanced Accuracy: 0.669375, Standard Deviation: 0.0524739518713809
Mean Precision: 0.6852766754850087, Standard Deviation: 0.06844017016033216
Mean Recall: 0.6666666666666666, Standard Deviation: 0.055555555555555546
Mean F1 Score: 0.6619701286367953, Standard Deviation: 0.05987603082870517
Mean AUROC: 0.9139392921146954, Standard Deviation: 0.028034980332369692
Confusion Matrix:
 [[22  1  9  2  1  0  5  5]
 [ 0 35  1  2  1  0  1  5]
 [14  0 28  0  1  0  0  2]
 [ 1  3  0 29  1  0  1 10]
 [ 0  1  1  2 36  4  0  1]
 [ 1  0  2  0  0 39  0  3]
 [ 2  6  1  0  1  3 31  1]
 [ 5  8  2  5  1  2  2 20]]
------------------------------------------------
Fold Results
------------------------------------------------
Train time: [0.5423464775085449, 0.577845573425293, 0.5806865692138672, 0.5435943603515625, 0.5445961952209473, 0.5678057670593262, 0.5510976314544678, 0.5392920970916748, 0.5425934791564941, 0.5389001369476318]
Accuracy: [0.5555555555555556, 0.7222222222222222, 0.6666666666666666, 0.6388888888888888, 0.6388888888888888, 0.75, 0.6944444444444444, 0.6666666666666666, 0.7222222222222222, 0.6111111111111112]
Balanced Accuracy: [0.55625, 0.725, 0.66875, 0.65, 0.64375, 0.7375, 0.7, 0.675, 0.71875, 0.61875]
Precision: [0.5357142857142857, 0.7493386243386243, 0.6782407407407407, 0.7145061728395061, 0.6418650793650793, 0.7807870370370371, 0.7013888888888888, 0.7055555555555555, 0.7337962962962963, 0.611574074074074]
Recall: [0.5555555555555556, 0.7222222222222222, 0.6666666666666666, 0.6388888888888888, 0.6388888888888888, 0.75, 0.6944444444444444, 0.6666666666666666, 0.7222222222222222, 0.6111111111111112]
F1 Score: [0.537598204264871, 0.719560686227353, 0.6684303350970018, 0.6516263057929724, 0.6185185185185185, 0.7436822436822437, 0.6932098765432099, 0.6749939874939874, 0.7157768157768157, 0.5963043129709796]
AUROC: [0.8684475806451613, 0.9452004928315413, 0.9215949820788532, 0.8905969982078853, 0.9156306003584231, 0.9439684139784946, 0.9611055107526882, 0.9065860215053765, 0.9020777329749102, 0.8841845878136201]
------------------------------------------------
