Classifier Results
------------------------------------------------
Dataset: gym movements ay
Classifier: Multi-layer Perceptron
------------------------------------------------
Summary Stats
------------------------------------------------
Mean Train time: 0.3878200054168701, Standard Deviation: 0.017640449102782098
Mean Accuracy: 0.6194444444444445, Standard Deviation: 0.044876373392787515
Mean Balanced Accuracy: 0.62, Standard Deviation: 0.05037360419902473
Mean Precision: 0.6601127344877346, Standard Deviation: 0.0656993082720648
Mean Recall: 0.6194444444444445, Standard Deviation: 0.044876373392787515
Mean F1 Score: 0.6084668495085163, Standard Deviation: 0.04360906117154909
Mean AUROC: 0.9081121191756273, Standard Deviation: 0.02225516923814965
Confusion Matrix:
 [[16  4  8  2  2 11  2  0]
 [ 4 25  0  0  1  0 11  4]
 [ 7  0 27  2  2  6  1  0]
 [ 0  1  1 32  0  1  1  9]
 [ 3  2  1  0 39  0  0  0]
 [ 0  0  3  1  0 40  0  1]
 [ 1 12  1  1  0  2 20  8]
 [ 3  3  1  5  0  0  9 24]]
------------------------------------------------
Fold Results
------------------------------------------------
Train time: [0.3685641288757324, 0.39137816429138184, 0.37426304817199707, 0.3930695056915283, 0.3805665969848633, 0.4345743656158447, 0.38986992835998535, 0.38756799697875977, 0.387068510055542, 0.3712778091430664]
Accuracy: [0.6944444444444444, 0.6111111111111112, 0.6111111111111112, 0.6944444444444444, 0.5555555555555556, 0.6111111111111112, 0.6388888888888888, 0.6111111111111112, 0.6111111111111112, 0.5555555555555556]
Balanced Accuracy: [0.70625, 0.60625, 0.625, 0.70625, 0.55625, 0.60625, 0.625, 0.61875, 0.60625, 0.54375]
Precision: [0.7787698412698413, 0.5928571428571429, 0.5939153439153438, 0.7321428571428571, 0.575, 0.6451719576719577, 0.6697530864197531, 0.7194444444444444, 0.6892746913580248, 0.6047979797979798]
Recall: [0.6944444444444444, 0.6111111111111112, 0.6111111111111112, 0.6944444444444444, 0.5555555555555556, 0.6111111111111112, 0.6388888888888888, 0.6111111111111112, 0.6111111111111112, 0.5555555555555556]
F1 Score: [0.6910373577040243, 0.5972222222222222, 0.5869949494949496, 0.6675324675324675, 0.5568181818181819, 0.6151895943562611, 0.615031265031265, 0.623015873015873, 0.5936100936100936, 0.5382164902998237]
AUROC: [0.9157146057347672, 0.9227430555555556, 0.8869567652329748, 0.9005936379928315, 0.8924451164874552, 0.906334005376344, 0.9427643369175627, 0.9230790770609318, 0.9282034050179211, 0.8622871863799283]
------------------------------------------------
