Classifier Results
------------------------------------------------
Dataset: gym movements gyro
Classifier: Multi-layer Perceptron
------------------------------------------------
Summary Stats
------------------------------------------------
Mean Train time: 0.5386684894561767, Standard Deviation: 0.02142050879511471
Mean Accuracy: 0.6333333333333334, Standard Deviation: 0.06431020501550125
Mean Balanced Accuracy: 0.636875, Standard Deviation: 0.06283970182138039
Mean Precision: 0.685866402116402, Standard Deviation: 0.054489161331258494
Mean Recall: 0.6333333333333334, Standard Deviation: 0.06431020501550125
Mean F1 Score: 0.6319144744144745, Standard Deviation: 0.06270293569394102
Mean AUROC: 0.8835909498207885, Standard Deviation: 0.03068191207518477
Confusion Matrix:
 [[18  3  5  1  7  4  0  7]
 [ 1 34  0  3  0  0  1  6]
 [ 6  1 29  0  4  2  1  2]
 [ 5  4  0 25  2  1  4  4]
 [ 3  0  1  0 31  1  4  5]
 [ 1  0  3  0  0 39  1  1]
 [ 1  3  1  1  3  1 30  5]
 [ 4  8  0  0  1  1  9 22]]
------------------------------------------------
Fold Results
------------------------------------------------
Train time: [0.5358109474182129, 0.5951039791107178, 0.5560977458953857, 0.5208370685577393, 0.5340931415557861, 0.5310943126678467, 0.5323686599731445, 0.527592658996582, 0.5380942821502686, 0.515592098236084]
Accuracy: [0.5833333333333334, 0.75, 0.5, 0.6666666666666666, 0.5833333333333334, 0.6388888888888888, 0.6388888888888888, 0.6388888888888888, 0.6944444444444444, 0.6388888888888888]
Balanced Accuracy: [0.59375, 0.75, 0.5062500000000001, 0.68125, 0.5875, 0.6312500000000001, 0.64375, 0.64375, 0.6937500000000001, 0.6375]
Precision: [0.6604497354497355, 0.7770502645502646, 0.5810185185185185, 0.7440476190476191, 0.6446759259259259, 0.7010912698412698, 0.656547619047619, 0.7066137566137566, 0.7324074074074074, 0.6547619047619047]
Recall: [0.5833333333333334, 0.75, 0.5, 0.6666666666666666, 0.5833333333333334, 0.6388888888888888, 0.6388888888888888, 0.6388888888888888, 0.6944444444444444, 0.6388888888888888]
F1 Score: [0.5768518518518518, 0.7485068943402277, 0.5080407247073914, 0.6775974025974025, 0.5917480667480668, 0.6287531912531913, 0.6252805836139169, 0.650683421516755, 0.6882037715371049, 0.623478835978836]
AUROC: [0.8724518369175627, 0.9383400537634409, 0.8097838261648745, 0.8907370071684587, 0.890540994623656, 0.8707157258064515, 0.8904569892473118, 0.894489247311828, 0.9024417562724015, 0.8759520609318997]
------------------------------------------------
