Classifier Results
------------------------------------------------
Dataset: gym movements
Classifier: Multi-layer Perceptron
------------------------------------------------
Summary Stats
------------------------------------------------
Mean Train time: 0.8188812732696533, Standard Deviation: 0.016907730517162406
Mean Accuracy: 0.7055555555555555, Standard Deviation: 0.051520102752753934
Mean Balanced Accuracy: 0.709375, Standard Deviation: 0.049152981852579394
Mean Precision: 0.7234986772486772, Standard Deviation: 0.05245638883183718
Mean Recall: 0.7055555555555555, Standard Deviation: 0.051520102752753934
Mean F1 Score: 0.7010295414462082, Standard Deviation: 0.05378862246425509
Mean AUROC: 0.9317848342293908, Standard Deviation: 0.02403551389408012
Confusion Matrix:
 [[23  4  8  0  3  0  1  6]
 [ 0 37  1  1  1  0  0  5]
 [12  0 31  0  2  0  0  0]
 [ 3  3  0 30  1  0  1  7]
 [ 3  0  1  1 36  0  1  3]
 [ 0  0  0  1  0 42  1  1]
 [ 3  0  0  0  2  1 38  1]
 [ 5  6  4  6  1  1  5 17]]
------------------------------------------------
Fold Results
------------------------------------------------
Train time: [0.8308067321777344, 0.8291463851928711, 0.8227574825286865, 0.8111429214477539, 0.8541543483734131, 0.8231687545776367, 0.8156423568725586, 0.7954294681549072, 0.792640209197998, 0.8139240741729736]
Accuracy: [0.6666666666666666, 0.7777777777777778, 0.6944444444444444, 0.6388888888888888, 0.6944444444444444, 0.8055555555555556, 0.7222222222222222, 0.7222222222222222, 0.6944444444444444, 0.6388888888888888]
Balanced Accuracy: [0.6625000000000001, 0.78125, 0.7, 0.65, 0.6937500000000001, 0.8, 0.73125, 0.73125, 0.69375, 0.65]
Precision: [0.7080026455026456, 0.7930555555555555, 0.7106481481481483, 0.6458333333333334, 0.7433862433862433, 0.8268518518518518, 0.7259259259259259, 0.7171296296296297, 0.7111111111111111, 0.6530423280423281]
Recall: [0.6666666666666666, 0.7777777777777778, 0.6944444444444444, 0.6388888888888888, 0.6944444444444444, 0.8055555555555556, 0.7222222222222222, 0.7222222222222222, 0.6944444444444444, 0.6388888888888888]
F1 Score: [0.6704445246111912, 0.7804232804232805, 0.6873737373737373, 0.6391694725028059, 0.6944945486612153, 0.804503367003367, 0.7175925925925926, 0.7157687991021324, 0.6756052589385921, 0.6249198332531667]
AUROC: [0.9218189964157707, 0.9439124103942653, 0.9318436379928315, 0.9257672491039427, 0.9645217293906809, 0.9513888888888888, 0.9528449820788532, 0.9375560035842293, 0.9130824372759858, 0.8751120071684588]
------------------------------------------------
