Classifier Results
------------------------------------------------
Dataset: gym movements az
Classifier: Multi-layer Perceptron
------------------------------------------------
Summary Stats
------------------------------------------------
Mean Train time: 0.3799905776977539, Standard Deviation: 0.014373346662752374
Mean Accuracy: 0.4, Standard Deviation: 0.07049209744694178
Mean Balanced Accuracy: 0.403125, Standard Deviation: 0.07343417545666323
Mean Precision: 0.4275947971781305, Standard Deviation: 0.08298116136368609
Mean Recall: 0.4, Standard Deviation: 0.07049209744694178
Mean F1 Score: 0.39669272085938756, Standard Deviation: 0.07013822298591904
Mean AUROC: 0.7506720430107527, Standard Deviation: 0.04267517215362153
Confusion Matrix:
 [[ 7  2  5  5  4  9  6  7]
 [ 5 14  2  7  7  1  5  4]
 [ 5  3 20  3  5  6  0  3]
 [ 6  2  4 14 11  2  0  6]
 [ 4  7  3  9 15  5  0  2]
 [ 6  0  1  6  2 26  1  3]
 [ 1  9  3  0  2  2 28  0]
 [ 4  1  3  8  3  4  2 20]]
------------------------------------------------
Fold Results
------------------------------------------------
Train time: [0.3695642948150635, 0.39256834983825684, 0.3745710849761963, 0.3885679244995117, 0.3755655288696289, 0.3625638484954834, 0.3740661144256592, 0.39556884765625, 0.40657901763916016, 0.3602907657623291]
Accuracy: [0.3888888888888889, 0.3888888888888889, 0.4722222222222222, 0.3888888888888889, 0.3333333333333333, 0.4722222222222222, 0.4722222222222222, 0.3611111111111111, 0.25, 0.4722222222222222]
Balanced Accuracy: [0.38125000000000003, 0.4, 0.48125, 0.39999999999999997, 0.33125000000000004, 0.475, 0.46875000000000006, 0.36874999999999997, 0.24375, 0.48125]
Precision: [0.44920634920634916, 0.32361111111111107, 0.4312169312169312, 0.41382275132275137, 0.4246031746031746, 0.4947089947089947, 0.4925925925925925, 0.3915343915343915, 0.273478835978836, 0.5811728395061729]
Recall: [0.3888888888888889, 0.3888888888888889, 0.4722222222222222, 0.3888888888888889, 0.3333333333333333, 0.4722222222222222, 0.4722222222222222, 0.3611111111111111, 0.25, 0.4722222222222222]
F1 Score: [0.40155122655122655, 0.34628026294692954, 0.44213965047298376, 0.38403880070546736, 0.3333333333333333, 0.47709235209235207, 0.47268518518518515, 0.3679012345679012, 0.2569444444444444, 0.48496071829405163]
AUROC: [0.721326164874552, 0.7569444444444444, 0.8182403673835125, 0.7258624551971326, 0.8139000896057348, 0.7731294802867384, 0.7573644713261649, 0.7215781810035842, 0.6685987903225806, 0.7497759856630825]
------------------------------------------------
