Classifier Results
------------------------------------------------
Dataset: Harry_gym_movements_gy
Classifier: GaussianNB()
------------------------------------------------
Summary Stats
------------------------------------------------
Mean Train time: 0.0010501384735107423, Standard Deviation: 0.0001502356873628198
Mean Accuracy: 0.3055555555555556, Standard Deviation: 0.06334307917217434
Mean Balanced Accuracy: 0.3037500000000001, Standard Deviation: 0.0640556398765948
Mean Precision: 0.3659049823633157, Standard Deviation: 0.08211183864461416
Mean Recall: 0.3055555555555556, Standard Deviation: 0.06334307917217434
Mean F1 Score: 0.2947121311207998, Standard Deviation: 0.06914645288196145
Mean AUROC: 0.6490647401433691, Standard Deviation: 0.046693822855976674
Confusion Matrix:
 [[11  6  5  5  2  9  5  2]
 [ 5 19  1  7  1  2  4  6]
 [ 3  7 15  1  3  3  7  6]
 [ 8 14  0 13  0  5  2  3]
 [ 7  5  1  4 17  6  2  3]
 [ 7  6  2  1  0 24  5  0]
 [ 6  5  5  3  9  6  7  4]
 [ 3 19  0  8  0  7  4  4]]
------------------------------------------------
Fold Results
------------------------------------------------
Train time: [0.001500844955444336, 0.0010001659393310547, 0.0010001659393310547, 0.0009999275207519531, 0.0009999275207519531, 0.0010004043579101562, 0.00099945068359375, 0.0010001659393310547, 0.0010001659393310547, 0.0010001659393310547]
Accuracy: [0.2222222222222222, 0.3333333333333333, 0.2222222222222222, 0.3333333333333333, 0.3888888888888889, 0.2777777777777778, 0.2777777777777778, 0.25, 0.3333333333333333, 0.4166666666666667]
Balanced Accuracy: [0.21250000000000002, 0.33125000000000004, 0.22499999999999998, 0.34375, 0.39375000000000004, 0.2875, 0.26875000000000004, 0.24375, 0.325, 0.40625]
Precision: [0.3117283950617284, 0.39351851851851843, 0.3300925925925926, 0.40784832451499115, 0.38051146384479717, 0.2331349206349206, 0.3053571428571429, 0.3029100529100529, 0.47635582010582017, 0.5175925925925926]
Recall: [0.2222222222222222, 0.3333333333333333, 0.2222222222222222, 0.3333333333333333, 0.3888888888888889, 0.2777777777777778, 0.2777777777777778, 0.25, 0.3333333333333333, 0.4166666666666667]
F1 Score: [0.21137566137566138, 0.3398622981956315, 0.22464726631393303, 0.3109205609205609, 0.3624287749287749, 0.2487213403880071, 0.24192084241103848, 0.2284916837548417, 0.35886752136752137, 0.4198853615520282]
AUROC: [0.5778449820788532, 0.6818716397849462, 0.5603438620071685, 0.6629984318996416, 0.7178539426523298, 0.6928483422939069, 0.6344366039426522, 0.633372535842294, 0.6652385752688172, 0.6638384856630825]
------------------------------------------------
