Classifier Results
------------------------------------------------
Dataset: Harry_gym_movements_gz
Classifier: GaussianNB()
------------------------------------------------
Summary Stats
------------------------------------------------
Mean Train time: 0.0010003089904785157, Standard Deviation: 2.431401974483864e-07
Mean Accuracy: 0.5583333333333333, Standard Deviation: 0.0770301367992336
Mean Balanced Accuracy: 0.559375, Standard Deviation: 0.08058623098892269
Mean Precision: 0.5586298500881834, Standard Deviation: 0.09087366254512817
Mean Recall: 0.5583333333333333, Standard Deviation: 0.0770301367992336
Mean F1 Score: 0.5437201995535328, Standard Deviation: 0.08078348316650118
Mean AUROC: 0.8668038754480287, Standard Deviation: 0.03606746927760801
Confusion Matrix:
 [[20  0  9  2  6  6  0  2]
 [ 3 28  1  0  2  0  0 11]
 [14  0 15  2  4 10  0  0]
 [ 8  0  6 31  0  0  0  0]
 [ 6  0  4  4 30  1  0  0]
 [ 4  0  3  1  0 37  0  0]
 [ 0  4  0  0  1  0 30 10]
 [ 2 14  0  0  0  0 19 10]]
------------------------------------------------
Fold Results
------------------------------------------------
Train time: [0.0010001659393310547, 0.0010006427764892578, 0.0010008811950683594, 0.0010001659393310547, 0.0010004043579101562, 0.0010001659393310547, 0.0010001659393310547, 0.0010001659393310547, 0.0010001659393310547, 0.0010001659393310547]
Accuracy: [0.5, 0.6944444444444444, 0.5277777777777778, 0.6111111111111112, 0.6111111111111112, 0.4722222222222222, 0.4722222222222222, 0.6666666666666666, 0.5, 0.5277777777777778]
Balanced Accuracy: [0.50625, 0.7000000000000001, 0.5375, 0.61875, 0.6062500000000001, 0.4625, 0.46875, 0.675, 0.5, 0.51875]
Precision: [0.5610449735449735, 0.7361111111111112, 0.5651455026455027, 0.608068783068783, 0.5791666666666667, 0.46299603174603177, 0.4564814814814814, 0.6731481481481482, 0.48765432098765427, 0.4564814814814814]
Recall: [0.5, 0.6944444444444444, 0.5277777777777778, 0.6111111111111112, 0.6111111111111112, 0.4722222222222222, 0.4722222222222222, 0.6666666666666666, 0.5, 0.5277777777777778]
F1 Score: [0.5167748917748917, 0.6910436785436784, 0.5291646624979958, 0.5950376783710117, 0.5890251723585056, 0.44711538461538464, 0.45894660894660905, 0.6557379349046015, 0.4750790875790875, 0.4792768959435626]
AUROC: [0.7849742383512545, 0.8524305555555556, 0.8476422491039427, 0.9173387096774194, 0.8898969534050178, 0.84971438172043, 0.8942372311827955, 0.8879368279569894, 0.8483982974910396, 0.8954693100358422]
------------------------------------------------
