Classifier Results
------------------------------------------------
Dataset: Harry_gym_movements_az
Classifier: GaussianNB()
------------------------------------------------
Summary Stats
------------------------------------------------
Mean Train time: 0.0009999990463256836, Standard Deviation: 7.076655425861278e-07
Mean Accuracy: 0.36944444444444446, Standard Deviation: 0.07248882417055494
Mean Balanced Accuracy: 0.36875, Standard Deviation: 0.07405656621799313
Mean Precision: 0.41134620009620004, Standard Deviation: 0.09883701892886795
Mean Recall: 0.36944444444444446, Standard Deviation: 0.07248882417055494
Mean F1 Score: 0.3593129356119552, Standard Deviation: 0.08187042391153221
Mean AUROC: 0.7191308243727599, Standard Deviation: 0.04595865341837063
Confusion Matrix:
 [[16  3  8  7  4  4  1  2]
 [ 9  9  4  7  6  7  1  2]
 [ 9  7 17  3  2  5  1  1]
 [ 8  5  0 10  6 11  2  3]
 [ 8  8  1  9 13  1  2  3]
 [ 3  4  2  2  1 32  1  0]
 [ 3  5  3  0  5  3 24  2]
 [ 8  5  1  9  3  4  3 12]]
------------------------------------------------
Fold Results
------------------------------------------------
Train time: [0.0010001659393310547, 0.0009996891021728516, 0.0010004043579101562, 0.0009999275207519531, 0.0009999275207519531, 0.0009989738464355469, 0.0010001659393310547, 0.0009989738464355469, 0.0010001659393310547, 0.001001596450805664]
Accuracy: [0.3611111111111111, 0.3611111111111111, 0.4444444444444444, 0.3333333333333333, 0.3888888888888889, 0.5, 0.4166666666666667, 0.3055555555555556, 0.2222222222222222, 0.3611111111111111]
Balanced Accuracy: [0.36250000000000004, 0.3625, 0.44375000000000003, 0.33125, 0.375, 0.5, 0.43125, 0.30625, 0.21875, 0.35625]
Precision: [0.37916666666666665, 0.5069444444444444, 0.537037037037037, 0.33379629629629626, 0.3863636363636364, 0.5850168350168351, 0.4530423280423281, 0.31683501683501686, 0.27068302068302064, 0.34457671957671954]
Recall: [0.3611111111111111, 0.3611111111111111, 0.4444444444444444, 0.3333333333333333, 0.3888888888888889, 0.5, 0.4166666666666667, 0.3055555555555556, 0.2222222222222222, 0.3611111111111111]
F1 Score: [0.3580246913580247, 0.36595082477435426, 0.4424603174603175, 0.3266975308641975, 0.37081930415263753, 0.5085257335257336, 0.41771885521885527, 0.25779320987654325, 0.2099537037037037, 0.3351851851851852]
AUROC: [0.7080813172043011, 0.737679211469534, 0.7745015681003584, 0.7256944444444444, 0.7132056451612904, 0.7944388440860215, 0.7369511648745519, 0.6897401433691757, 0.6197076612903226, 0.6913082437275987]
------------------------------------------------
