Classifier Results
------------------------------------------------
Dataset: gym movements gx
Classifier: AdaBoost
------------------------------------------------
Train time: 0.1215202808380127
Accuracy: 0.17391304347826086
Balanced Accuracy: 0.17391304347826086
Precision: 0.09525462962962963
Recall: 0.17391304347826086
F1 Score: 0.08678821178821178
AUROC: 0.4964555765595464
Confusion Matrix:
 [[ 0 12  0  2  0  9  0  0]
 [ 0 19  0  1  0  2  1  0]
 [ 0 16  0  0  0  7  0  0]
 [ 0 12  0  1  0 10  0  0]
 [ 0 16  0  1  0  5  1  0]
 [ 0 12  0  0  0 11  0  0]
 [ 0 20  0  0  0  2  1  0]
 [ 0 13  0  0  0  8  2  0]]
------------------------------------------------
