Classifier Results
------------------------------------------------
Dataset: gym movements gy
Classifier: AdaBoost
------------------------------------------------
Train time: 0.12158894538879395
Accuracy: 0.11956521739130435
Balanced Accuracy: 0.11956521739130435
Precision: 0.12391317733990148
Recall: 0.11956521739130435
F1 Score: 0.08500419861032163
AUROC: 0.506177423710505
Confusion Matrix:
 [[12  0  0  1  2  3  4  1]
 [11  0  2  1  1  3  4  1]
 [ 9  0  2  1  2  3  6  0]
 [15  0  0  0  0  5  2  1]
 [16  0  0  0  1  3  2  1]
 [11  0  0  3  0  4  5  0]
 [14  0  0  2  1  2  3  1]
 [12  0  0  2  1  5  3  0]]
------------------------------------------------
