Classifier Results
------------------------------------------------
Dataset: gym movements
Classifier: AdaBoost
------------------------------------------------
Train time: 0.47181177139282227
Accuracy: 0.14130434782608695
Balanced Accuracy: 0.14130434782608695
Precision: 0.08460648148148148
Recall: 0.14130434782608695
F1 Score: 0.06112196242435763
AUROC: 0.5511409667836888
Confusion Matrix:
 [[ 1  0  0  1  0  1 20  0]
 [ 0  0  0  1  0  0 22  0]
 [ 0  0  0  3  0  0 19  1]
 [ 1  0  2  2  0  2 15  1]
 [ 0  0  0  1  0  0 22  0]
 [ 2  0  0 14  0  1  6  0]
 [ 0  0  0  1  0  0 22  0]
 [ 1  0  0  4  0  0 18  0]]
------------------------------------------------
