Classifier Results
------------------------------------------------
Dataset: gym movements gy
Classifier: Multi-layer Perceptron
------------------------------------------------
Train time: 0.20803594589233398
Accuracy: 0.266304347826087
Balanced Accuracy: 0.266304347826087
Precision: 0.2658548615127562
Recall: 0.266304347826087
F1 Score: 0.2604382081239346
AUROC: 0.6059276262489873
Confusion Matrix:
 [[9 1 0 5 0 4 0 4]
 [0 5 3 4 1 2 1 7]
 [3 6 5 1 2 2 2 2]
 [2 3 2 6 2 1 1 6]
 [4 0 1 2 4 3 5 4]
 [1 2 4 2 0 9 1 4]
 [4 2 3 1 6 1 3 3]
 [4 2 0 4 0 4 1 8]]
------------------------------------------------
