Classifier Results
------------------------------------------------
Dataset: gym movements ax
Classifier: Multi-layer Perceptron
------------------------------------------------
Train time: 0.18803191184997559
Accuracy: 0.4673913043478261
Balanced Accuracy: 0.46739130434782605
Precision: 0.46316691256382697
Recall: 0.46739130434782605
F1 Score: 0.458722904510948
AUROC: 0.7840939778557927
Confusion Matrix:
 [[ 7  2  4  0  2  4  0  4]
 [ 1 11  0  1  3  0  3  4]
 [ 9  2  5  0  4  2  0  1]
 [ 0  2  0 14  2  3  1  1]
 [ 2  2  1  3  7  4  4  0]
 [ 1  0  1  3  0 15  1  2]
 [ 1  1  0  0  1  3 17  0]
 [ 4  3  1  0  3  0  2 10]]
------------------------------------------------
