Classifier Results
------------------------------------------------
Dataset: gym movements
Classifier: Multi-layer Perceptron
------------------------------------------------
Train time: 0.43207502365112305
Accuracy: 0.6086956521739131
Balanced Accuracy: 0.6086956521739131
Precision: 0.6123603932299584
Recall: 0.6086956521739131
F1 Score: 0.6085425539525318
AUROC: 0.8868822576289495
Confusion Matrix:
 [[11  0  4  0  2  0  0  6]
 [ 0 17  0  2  0  0  0  4]
 [ 5  1 15  0  2  0  0  0]
 [ 0  0  0 14  5  0  1  3]
 [ 0  0  5  0 14  0  0  4]
 [ 0  0  0  2  0 21  0  0]
 [ 2  1  0  1  1  2 15  1]
 [ 4  5  0  3  2  2  2  5]]
------------------------------------------------
