Classifier Results
------------------------------------------------
Dataset: gym movements gx
Classifier: Multi-layer Perceptron
------------------------------------------------
Train time: 0.1945335865020752
Accuracy: 0.30978260869565216
Balanced Accuracy: 0.30978260869565216
Precision: 0.30994765468449675
Recall: 0.30978260869565216
F1 Score: 0.3062723528629608
AUROC: 0.6767485822306238
Confusion Matrix:
 [[ 2  1  3  2  2  5  3  5]
 [ 2  9  2  2  2  0  2  4]
 [ 5  1  4  2  0  7  2  2]
 [ 6  1  0  6  7  0  2  1]
 [ 1  6  2  3  6  1  2  2]
 [ 4  3  2  0  0 12  1  1]
 [ 3  1  2  1  1  0  9  6]
 [ 3  5  0  3  0  2  1  9]]
------------------------------------------------
