Classifier Results
------------------------------------------------
Dataset: gym movements gyro
Classifier: Multi-layer Perceptron
------------------------------------------------
Train time: 0.30574917793273926
Accuracy: 0.5054347826086957
Balanced Accuracy: 0.5054347826086957
Precision: 0.530015633875928
Recall: 0.5054347826086957
F1 Score: 0.5078782081546656
AUROC: 0.8093100189035917
Confusion Matrix:
 [[ 8  2  3  0  1  2  1  6]
 [ 2 13  0  1  1  0  1  5]
 [ 4  2 10  0  1  4  1  1]
 [ 4  1  0 11  2  0  3  2]
 [ 0  1  2  0 13  0  2  5]
 [ 2  2  0  0  0 18  1  0]
 [ 2  1  2  1  5  1 10  1]
 [ 2  4  0  0  1  3  3 10]]
------------------------------------------------
