Classifier Results
------------------------------------------------
Dataset: gym movements az
Classifier: Multi-layer Perceptron
------------------------------------------------
Train time: 0.19153332710266113
Accuracy: 0.2608695652173913
Balanced Accuracy: 0.2608695652173913
Precision: 0.27993098402721717
Recall: 0.2608695652173913
F1 Score: 0.26302099766517323
AUROC: 0.6764447745071563
Confusion Matrix:
 [[ 1  2  5  3  6  3  1  2]
 [ 2  3  3  5  1  3  0  6]
 [ 8  1  7  1  4  2  0  0]
 [ 3  3  5  5  4  2  0  1]
 [ 3  3  2  4  4  2  0  5]
 [ 4  1  4  2  0 12  0  0]
 [ 3  0  1  1  2  5  9  2]
 [ 1  3  2  4  2  1  3  7]]
------------------------------------------------
