Classifier Results
------------------------------------------------
Dataset: gym movements ay
Classifier: Multi-layer Perceptron
------------------------------------------------
Train time: 0.2030348777770996
Accuracy: 0.5380434782608695
Balanced Accuracy: 0.5380434782608696
Precision: 0.5319444444444444
Recall: 0.5380434782608696
F1 Score: 0.5241146854398734
AUROC: 0.8571428571428571
Confusion Matrix:
 [[ 4  3  6  0  3  4  3  0]
 [ 0  7  0  0  7  2  3  4]
 [ 3  0 15  0  1  3  1  0]
 [ 3  1  0 13  0  2  0  4]
 [ 1  0  4  0 17  1  0  0]
 [ 1  0  2  0  0 20  0  0]
 [ 3  2  0  0  0  2 13  3]
 [ 1  4  0  2  0  0  6 10]]
------------------------------------------------
