Classifier Results
------------------------------------------------
Dataset: gym movements accel
Classifier: Multi-layer Perceptron
------------------------------------------------
Train time: 0.3005521297454834
Accuracy: 0.5978260869565217
Balanced Accuracy: 0.5978260869565217
Precision: 0.6023559040285053
Recall: 0.5978260869565217
F1 Score: 0.5984111896620232
AUROC: 0.8527545233594384
Confusion Matrix:
 [[10  1  3  0  4  0  0  5]
 [ 0 16  0  3  0  0  2  2]
 [ 6  0 14  0  2  0  0  1]
 [ 2  0  0 14  2  0  1  4]
 [ 0  5  2  1 11  2  2  0]
 [ 1  0  1  2  0 18  0  1]
 [ 2  2  0  1  0  2 16  0]
 [ 2  5  0  1  2  0  2 11]]
------------------------------------------------
