Classifier Results
------------------------------------------------
Dataset: gym movements gz
Classifier: Multi-layer Perceptron
------------------------------------------------
Train time: 0.19253277778625488
Accuracy: 0.5163043478260869
Balanced Accuracy: 0.5163043478260869
Precision: 0.5459996035940803
Recall: 0.5163043478260869
F1 Score: 0.5149266808841277
AUROC: 0.8317242776127465
Confusion Matrix:
 [[ 4  3 11  0  2  1  0  2]
 [ 2 14  0  0  1  0  0  6]
 [ 6  0  7  0  3  6  1  0]
 [ 4  2  0 15  1  0  0  1]
 [ 1  3  3  1 14  0  0  1]
 [ 5  0  3  0  0 15  0  0]
 [ 0  2  0  0  0  0  7 14]
 [ 0  0  0  0  0  0  4 19]]
------------------------------------------------
