Classifier Results
------------------------------------------------
Dataset: independent
Classifier: Time Series Forest
------------------------------------------------
Train time: 29.110292434692383
Accuracy: 0.3125
Balanced Accuracy: 0.3125
Precision: 0.2778400997150997
Recall: 0.3125
F1 Score: 0.272987428422211
AUROC: 0.7357142857142858
Confusion Matrix:
 [[ 3  0  2  1  0  1  2  1]
 [ 0  0  0  0  0  0  0 10]
 [ 5  0  1  4  0  0  0  0]
 [ 1  1  0  7  0  1  0  0]
 [ 0  2  2  0  0  0  1  5]
 [ 1  0  3  1  2  2  1  0]
 [ 0  1  0  0  0  0  5  4]
 [ 0  2  0  0  0  0  1  7]]
------------------------------------------------
