Classifier Results
------------------------------------------------
Dataset: gym movements gz
Classifier: Boss
------------------------------------------------
Summary Stats
------------------------------------------------
Mean Train time: 165.18245308399202, Standard Deviation: 0.2713520234135476
Mean Accuracy: 0.9138888888888888, Standard Deviation: 0.04203540541783764
Mean Balanced Accuracy: 0.9125, Standard Deviation: 0.04357106264483342
Mean Precision: 0.9241335978835977, Standard Deviation: 0.045557293457869144
Mean Recall: 0.9138888888888888, Standard Deviation: 0.04203540541783764
Mean F1 Score: 0.9100732292398959, Standard Deviation: 0.04572212297215067
Mean AUROC: 0.9925095206093191, Standard Deviation: 0.005007887818396876
Confusion Matrix:
 [[42  0  0  3  0  0  0  0]
 [ 0 45  0  0  0  0  0  0]
 [ 0  0 44  0  0  0  0  1]
 [ 0  0  0 45  0  0  0  0]
 [ 0  0  0  0 45  0  0  0]
 [ 1  0  0  0  0 44  0  0]
 [ 2  0  0  0  0  0 28 15]
 [ 0  4  1  0  0  0  4 36]]
------------------------------------------------
Fold Results
------------------------------------------------
Train time: [165.5077075958252, 165.73075151443481, 165.12611317634583, 165.02335453033447, 165.08313298225403, 165.44022798538208, 165.14669489860535, 164.8050947189331, 164.976628780365, 164.98482465744019]
Accuracy: [0.9722222222222222, 0.9166666666666666, 0.9722222222222222, 0.8611111111111112, 0.9166666666666666, 0.9166666666666666, 0.8888888888888888, 0.8333333333333334, 0.9444444444444444, 0.9166666666666666]
Balanced Accuracy: [0.975, 0.91875, 0.975, 0.8625, 0.91875, 0.9125, 0.88125, 0.83125, 0.94375, 0.90625]
Precision: [0.9777777777777779, 0.9277777777777777, 0.9777777777777779, 0.8518518518518519, 0.9268518518518518, 0.9305555555555556, 0.9256944444444445, 0.8306878306878307, 0.9444444444444444, 0.9479166666666666]
Recall: [0.9722222222222222, 0.9166666666666666, 0.9722222222222222, 0.8611111111111112, 0.9166666666666666, 0.9166666666666666, 0.8888888888888888, 0.8333333333333334, 0.9444444444444444, 0.9166666666666666]
F1 Score: [0.9722222222222222, 0.9166666666666666, 0.9722222222222222, 0.8546576879910214, 0.9159451659451661, 0.9124579124579125, 0.8735042735042735, 0.8235730319063652, 0.9444444444444444, 0.915038665038665]
AUROC: [0.9943156362007168, 0.9965277777777778, 0.9991319444444444, 0.9946656586021506, 0.9799367159498209, 0.994203629032258, 0.9894153225806451, 0.9906474014336918, 0.9951416890681004, 0.9911094310035842]
------------------------------------------------
