Classifier Results
------------------------------------------------
Dataset: gym movements az
Classifier: Boss
------------------------------------------------
Summary Stats
------------------------------------------------
Mean Train time: 167.79709913730622, Standard Deviation: 0.37084162338279747
Mean Accuracy: 0.65, Standard Deviation: 0.049999999999999975
Mean Balanced Accuracy: 0.6481250000000001, Standard Deviation: 0.041178916025072856
Mean Precision: 0.6671130952380953, Standard Deviation: 0.08104685047487525
Mean Recall: 0.65, Standard Deviation: 0.049999999999999975
Mean F1 Score: 0.6224476449476449, Standard Deviation: 0.06138255120963984
Mean AUROC: 0.9048723118279571, Standard Deviation: 0.0313766279463476
Confusion Matrix:
 [[13  3  9  7  2  1  2  8]
 [ 3 30  1  2  3  0  5  1]
 [11  0 15  4  1  9  4  1]
 [ 1  0  0 40  1  1  0  2]
 [ 0  9  3  6 16  6  3  2]
 [ 0  0  3  0  0 41  1  0]
 [ 1  0  0  0  0  0 42  2]
 [ 2  1  1  2  1  0  1 37]]
------------------------------------------------
Fold Results
------------------------------------------------
Train time: [168.05936741828918, 167.15581440925598, 167.9040560722351, 168.12948632240295, 168.3769850730896, 167.73669934272766, 168.09493255615234, 167.42443132400513, 167.74244689941406, 167.3467719554901]
Accuracy: [0.5555555555555556, 0.6111111111111112, 0.5833333333333334, 0.6944444444444444, 0.6388888888888888, 0.6944444444444444, 0.6666666666666666, 0.6666666666666666, 0.7222222222222222, 0.6666666666666666]
Balanced Accuracy: [0.575, 0.6375, 0.59375, 0.70625, 0.65625, 0.675, 0.6375, 0.6375, 0.7125, 0.65]
Precision: [0.5709656084656084, 0.5601851851851851, 0.5880952380952381, 0.7793650793650794, 0.6148478835978834, 0.736574074074074, 0.7356150793650794, 0.626984126984127, 0.7771164021164021, 0.6813822751322751]
Recall: [0.5555555555555556, 0.6111111111111112, 0.5833333333333334, 0.6944444444444444, 0.6388888888888888, 0.6944444444444444, 0.6666666666666666, 0.6666666666666666, 0.7222222222222222, 0.6666666666666666]
F1 Score: [0.5298975715642382, 0.5558201058201058, 0.5568783068783069, 0.6931016514349848, 0.587216795550129, 0.6861391694725028, 0.6491496158162824, 0.6345238095238096, 0.7180936347603014, 0.6136557886557886]
AUROC: [0.8922491039426524, 0.8745099686379929, 0.8611531137992832, 0.9225890456989249, 0.8949092741935485, 0.9502968189964158, 0.9525089605734767, 0.8633512544802868, 0.9204329077060933, 0.916722670250896]
------------------------------------------------
