Classifier Results
------------------------------------------------
Dataset: gym movements gx
Classifier: Boss
------------------------------------------------
Summary Stats
------------------------------------------------
Mean Train time: 167.39247946739198, Standard Deviation: 0.22187109097216032
Mean Accuracy: 0.7861111111111111, Standard Deviation: 0.05422005915539762
Mean Balanced Accuracy: 0.7875, Standard Deviation: 0.051005514407757906
Mean Precision: 0.8089914021164022, Standard Deviation: 0.07308287313348158
Mean Recall: 0.7861111111111111, Standard Deviation: 0.05422005915539762
Mean F1 Score: 0.7720794483294483, Standard Deviation: 0.05868528525398057
Mean AUROC: 0.9424633176523297, Standard Deviation: 0.023218743636962455
Confusion Matrix:
 [[23  0  7  4  1  1  6  3]
 [ 0 42  0  0  1  1  0  1]
 [ 2  1 30  4  0  1  4  3]
 [ 0  0  0 43  0  0  0  2]
 [ 0  2  0  0 43  0  0  0]
 [ 0  0  2  0  1 42  0  0]
 [ 1  0  3  1  0  1 34  5]
 [ 0  4  4  3  2  2  4 26]]
------------------------------------------------
Fold Results
------------------------------------------------
Train time: [167.73514652252197, 166.93799829483032, 167.5625057220459, 167.2919089794159, 167.24474501609802, 167.24307799339294, 167.64449834823608, 167.4263050556183, 167.51684284210205, 167.3217658996582]
Accuracy: [0.8055555555555556, 0.8333333333333334, 0.7222222222222222, 0.8055555555555556, 0.6666666666666666, 0.8055555555555556, 0.75, 0.8055555555555556, 0.8055555555555556, 0.8611111111111112]
Balanced Accuracy: [0.80625, 0.84375, 0.73125, 0.8125, 0.68125, 0.79375, 0.7375, 0.80625, 0.8125, 0.85]
Precision: [0.8180555555555556, 0.8291666666666667, 0.8018518518518518, 0.8166666666666667, 0.6187499999999999, 0.8509259259259259, 0.7473544973544973, 0.8816137566137567, 0.8644179894179894, 0.8611111111111112]
Recall: [0.8055555555555556, 0.8333333333333334, 0.7222222222222222, 0.8055555555555556, 0.6666666666666666, 0.8055555555555556, 0.75, 0.8055555555555556, 0.8055555555555556, 0.8611111111111112]
F1 Score: [0.8035513868847202, 0.8187229437229436, 0.7196168029501363, 0.7972222222222223, 0.6334147334147334, 0.7896885521885522, 0.7293771043771042, 0.7816859066859067, 0.8003687670354337, 0.8471460638127304]
AUROC: [0.9307795698924731, 0.9870911738351256, 0.9030997983870966, 0.9442624327956989, 0.9377100134408602, 0.9604614695340502, 0.9195648521505377, 0.9256272401433693, 0.9640176971326164, 0.9520189292114696]
------------------------------------------------
