Classifier Results
------------------------------------------------
Dataset: gym movements ax
Classifier: Boss
------------------------------------------------
Summary Stats
------------------------------------------------
Mean Train time: 167.50561134815217, Standard Deviation: 0.4761561438822077
Mean Accuracy: 0.8222222222222223, Standard Deviation: 0.03333333333333333
Mean Balanced Accuracy: 0.8262500000000002, Standard Deviation: 0.027641680484369966
Mean Precision: 0.863694885361552, Standard Deviation: 0.02151741339217608
Mean Recall: 0.8222222222222223, Standard Deviation: 0.03333333333333333
Mean F1 Score: 0.812590665507332, Standard Deviation: 0.03598472179224218
Mean AUROC: 0.9768691196236559, Standard Deviation: 0.01485006800911287
Confusion Matrix:
 [[25  0 12  3  0  2  2  1]
 [ 0 45  0  0  0  0  0  0]
 [ 0  0 42  1  0  1  0  1]
 [ 0  0  0 45  0  0  0  0]
 [ 0  0  4  8 31  2  0  0]
 [ 1  0  0  1  0 43  0  0]
 [ 3  6  0  0  0  1 27  8]
 [ 0  1  2  0  0  0  4 38]]
------------------------------------------------
Fold Results
------------------------------------------------
Train time: [167.10429501533508, 167.2623896598816, 167.55111122131348, 168.88247179985046, 167.3148992061615, 167.44350719451904, 167.41356563568115, 167.29040622711182, 167.5202202796936, 167.27324724197388]
Accuracy: [0.8055555555555556, 0.7777777777777778, 0.8333333333333334, 0.8055555555555556, 0.8055555555555556, 0.8333333333333334, 0.8333333333333334, 0.8888888888888888, 0.7777777777777778, 0.8611111111111112]
Balanced Accuracy: [0.825, 0.8, 0.8500000000000001, 0.825, 0.8187500000000001, 0.81875, 0.81875, 0.88125, 0.775, 0.85]
Precision: [0.8398148148148148, 0.843584656084656, 0.88125, 0.8566137566137565, 0.8660493827160494, 0.8706349206349207, 0.8664351851851851, 0.9037037037037037, 0.8273809523809523, 0.8814814814814815]
Recall: [0.8055555555555556, 0.7777777777777778, 0.8333333333333334, 0.8055555555555556, 0.8055555555555556, 0.8333333333333334, 0.8333333333333334, 0.8888888888888888, 0.7777777777777778, 0.8611111111111112]
F1 Score: [0.7768799102132435, 0.7692780984447651, 0.8212335504002171, 0.7886243386243386, 0.7981701940035274, 0.824074074074074, 0.8308234974901642, 0.8817139650472983, 0.7748396665063333, 0.8602693602693603]
AUROC: [0.9785926299283155, 0.9911234318996418, 0.9923835125448028, 0.9857190860215054, 0.9696460573476702, 0.9471886200716845, 0.9956317204301075, 0.9799787186379929, 0.9585153449820787, 0.96991207437276]
------------------------------------------------
