Classifier Results
------------------------------------------------
Dataset: gym movements gy
Classifier: Boss
------------------------------------------------
Summary Stats
------------------------------------------------
Mean Train time: 168.1024482727051, Standard Deviation: 0.279903562754947
Mean Accuracy: 0.6027777777777777, Standard Deviation: 0.0970633622758675
Mean Balanced Accuracy: 0.6024999999999998, Standard Deviation: 0.10136567466356645
Mean Precision: 0.630982744107744, Standard Deviation: 0.12066183151229092
Mean Recall: 0.6027777777777777, Standard Deviation: 0.0970633622758675
Mean F1 Score: 0.5769556061222728, Standard Deviation: 0.09387499548394462
Mean AUROC: 0.8707465277777778, Standard Deviation: 0.06313237121604409
Confusion Matrix:
 [[ 9  2 14  7  4  2  3  4]
 [ 0 19  4  1  4  5  9  3]
 [ 0  0 43  0  1  0  0  1]
 [ 2  0  1 27  5  3  2  5]
 [ 2  1  9  2 21  1  8  1]
 [ 0  1  0  1  2 36  5  0]
 [ 0  2  1  0  2  1 37  2]
 [ 2  0  3  4  4  2  5 25]]
------------------------------------------------
Fold Results
------------------------------------------------
Train time: [168.66764998435974, 168.32837677001953, 167.77991104125977, 168.15569186210632, 168.04321908950806, 167.78040051460266, 168.16680359840393, 167.93554878234863, 168.37167286872864, 167.7952082157135]
Accuracy: [0.5277777777777778, 0.75, 0.5277777777777778, 0.6388888888888888, 0.6666666666666666, 0.6666666666666666, 0.6944444444444444, 0.6388888888888888, 0.4722222222222222, 0.4444444444444444]
Balanced Accuracy: [0.51875, 0.7625, 0.5125, 0.6375, 0.675, 0.65625, 0.7, 0.64375, 0.475, 0.44375000000000003]
Precision: [0.5047619047619047, 0.8481481481481481, 0.5437830687830688, 0.6722222222222222, 0.5955026455026454, 0.6423611111111112, 0.7705026455026455, 0.7394781144781144, 0.44953703703703707, 0.5435305435305435]
Recall: [0.5277777777777778, 0.75, 0.5277777777777778, 0.6388888888888888, 0.6666666666666666, 0.6666666666666666, 0.6944444444444444, 0.6388888888888888, 0.4722222222222222, 0.4444444444444444]
F1 Score: [0.4964726631393298, 0.717356100689434, 0.5133437550104216, 0.628858024691358, 0.6108906525573192, 0.6316832858499525, 0.671031746031746, 0.627521244187911, 0.4390652557319224, 0.43333333333333335]
AUROC: [0.861027105734767, 0.9743223566308244, 0.8874187948028673, 0.8990255376344086, 0.8973034274193546, 0.8792842741935484, 0.9033938172043011, 0.8261648745519713, 0.8639532930107526, 0.7155717965949822]
------------------------------------------------
