Classifier Results
------------------------------------------------
Dataset: gym movements
Classifier: Boss
------------------------------------------------
Summary Stats
------------------------------------------------
Mean Train time: 2323.284715247154, Standard Deviation: 6.087392521489799
Mean Accuracy: 0.9777777777777776, Standard Deviation: 0.020786985482077462
Mean Balanced Accuracy: 0.975625, Standard Deviation: 0.02329330644198028
Mean Precision: 0.9823280423280423, Standard Deviation: 0.01616023215231128
Mean Recall: 0.9777777777777776, Standard Deviation: 0.020786985482077462
Mean F1 Score: 0.9764530222863556, Standard Deviation: 0.02265171057759866
Mean AUROC: 0.9962911626344086, Standard Deviation: 0.007208760635821787
Confusion Matrix:
 [[42  0  1  2  0  0  0  0]
 [ 0 45  0  0  0  0  0  0]
 [ 0  0 44  0  0  0  0  1]
 [ 0  0  0 45  0  0  0  0]
 [ 0  0  0  0 45  0  0  0]
 [ 0  0  0  0  0 45  0  0]
 [ 0  2  0  0  0  1 42  0]
 [ 0  0  1  0  0  0  0 44]]
------------------------------------------------
Fold Results
------------------------------------------------
Train time: [2320.7548339366913, 2316.596955537796, 2319.9078867435455, 2316.4793112277985, 2320.7480883598328, 2331.2797021865845, 2316.6576414108276, 2332.2074654102325, 2329.207436800003, 2329.0078308582306]
Accuracy: [1.0, 0.9722222222222222, 1.0, 1.0, 0.9722222222222222, 0.9722222222222222, 0.9444444444444444, 0.9444444444444444, 1.0, 0.9722222222222222]
Balanced Accuracy: [1.0, 0.975, 1.0, 1.0, 0.96875, 0.96875, 0.9375, 0.9375, 1.0, 0.96875]
Precision: [1.0, 0.9777777777777779, 1.0, 1.0, 0.976851851851852, 0.976851851851852, 0.9603174603174602, 0.9546296296296296, 1.0, 0.976851851851852]
Recall: [1.0, 0.9722222222222222, 1.0, 1.0, 0.9722222222222222, 0.9722222222222222, 0.9444444444444444, 0.9444444444444444, 1.0, 0.9722222222222222]
F1 Score: [1.0, 0.9722222222222222, 1.0, 1.0, 0.9715007215007216, 0.9715007215007216, 0.9398148148148147, 0.9379910213243546, 1.0, 0.9715007215007216]
AUROC: [1.0, 1.0, 1.0, 1.0, 0.9825548835125448, 0.9995659722222222, 0.9995659722222222, 1.0, 1.0, 0.9812247983870969]
------------------------------------------------
