Classifier Results
------------------------------------------------
Dataset: gym movements ay
Classifier: Boss
------------------------------------------------
Summary Stats
------------------------------------------------
Mean Train time: 166.1770035982132, Standard Deviation: 0.31534433828511227
Mean Accuracy: 0.9472222222222222, Standard Deviation: 0.02900085141364043
Mean Balanced Accuracy: 0.9475, Standard Deviation: 0.02579970930068786
Mean Precision: 0.9606283068783069, Standard Deviation: 0.018557211089609272
Mean Recall: 0.9472222222222222, Standard Deviation: 0.02900085141364043
Mean F1 Score: 0.9427550073383408, Standard Deviation: 0.03569602708258148
Mean AUROC: 0.9952732974910393, Standard Deviation: 0.007389789656491605
Confusion Matrix:
 [[32  0 10  1  1  0  1  0]
 [ 0 45  0  0  0  0  0  0]
 [ 0  0 43  0  0  0  0  2]
 [ 0  0  0 45  0  0  0  0]
 [ 0  0  0  0 45  0  0  0]
 [ 0  0  0  0  0 45  0  0]
 [ 0  2  0  0  0  0 43  0]
 [ 0  1  1  0  0  0  0 43]]
------------------------------------------------
Fold Results
------------------------------------------------
Train time: [166.20177698135376, 165.7288899421692, 165.95450067520142, 165.98569440841675, 166.6085159778595, 166.2581832408905, 165.82207369804382, 166.28407740592957, 166.78941941261292, 166.13690423965454]
Accuracy: [0.9722222222222222, 0.8888888888888888, 0.9166666666666666, 0.9444444444444444, 0.9722222222222222, 0.9722222222222222, 0.9166666666666666, 0.9722222222222222, 0.9722222222222222, 0.9444444444444444]
Balanced Accuracy: [0.975, 0.9, 0.925, 0.95, 0.96875, 0.96875, 0.9125, 0.96875, 0.96875, 0.9375]
Precision: [0.976851851851852, 0.9256944444444445, 0.9371693121693122, 0.9603174603174602, 0.976851851851852, 0.9777777777777779, 0.9479166666666666, 0.9777777777777779, 0.976851851851852, 0.9490740740740742]
Recall: [0.9722222222222222, 0.8888888888888888, 0.9166666666666666, 0.9444444444444444, 0.9722222222222222, 0.9722222222222222, 0.9166666666666666, 0.9722222222222222, 0.9722222222222222, 0.9444444444444444]
F1 Score: [0.9719416386083053, 0.8630104463437797, 0.9047017797017798, 0.9421296296296295, 0.9715007215007216, 0.9717813051146386, 0.9154795821462487, 0.9717813051146386, 0.9715007215007216, 0.9437229437229439]
AUROC: [1.0, 0.995967741935484, 1.0, 1.0, 0.9825408826164875, 1.0, 0.9947356630824373, 1.0, 1.0, 0.9794886872759858]
------------------------------------------------
