Classifier Results
------------------------------------------------
Dataset: gym movements accel
Classifier: Boss
------------------------------------------------
Summary Stats
------------------------------------------------
Mean Train time: 815.4951906442642, Standard Deviation: 0.6518074046260094
Mean Accuracy: 0.9333333333333333, Standard Deviation: 0.02545875386086579
Mean Balanced Accuracy: 0.9324999999999999, Standard Deviation: 0.025586861863073393
Mean Precision: 0.9494477513227514, Standard Deviation: 0.019431471586191174
Mean Recall: 0.9333333333333333, Standard Deviation: 0.02545875386086579
Mean F1 Score: 0.9299135586635587, Standard Deviation: 0.027309905040929366
Mean AUROC: 0.9949260752688174, Standard Deviation: 0.007272195877586899
Confusion Matrix:
 [[30  0 10  3  0  0  1  1]
 [ 0 42  0  0  0  0  3  0]
 [ 0  0 44  0  0  0  0  1]
 [ 0  0  0 45  0  0  0  0]
 [ 0  0  0  0 45  0  0  0]
 [ 0  0  0  0  0 45  0  0]
 [ 0  1  1  0  0  0 42  1]
 [ 0  1  1  0  0  0  0 43]]
------------------------------------------------
Fold Results
------------------------------------------------
Train time: [815.984105348587, 816.8370954990387, 815.471337556839, 816.1269447803497, 814.4788658618927, 815.0642397403717, 814.750385761261, 815.3433172702789, 815.383871793747, 815.5117428302765]
Accuracy: [0.9722222222222222, 0.9444444444444444, 0.8888888888888888, 0.9444444444444444, 0.8888888888888888, 0.9444444444444444, 0.9444444444444444, 0.9166666666666666, 0.9444444444444444, 0.9444444444444444]
Balanced Accuracy: [0.975, 0.95, 0.8875, 0.95, 0.89375, 0.9375, 0.9375, 0.9125, 0.9375, 0.94375]
Precision: [0.976851851851852, 0.9555555555555555, 0.9093915343915344, 0.9603174603174602, 0.9256944444444445, 0.9629629629629629, 0.9537037037037037, 0.9324074074074074, 0.9629629629629629, 0.9546296296296296]
Recall: [0.9722222222222222, 0.9444444444444444, 0.8888888888888888, 0.9444444444444444, 0.8888888888888888, 0.9444444444444444, 0.9444444444444444, 0.9166666666666666, 0.9444444444444444, 0.9444444444444444]
F1 Score: [0.9719416386083053, 0.9405864197530865, 0.8858525733525734, 0.9421296296296295, 0.8802062135395469, 0.946031746031746, 0.9377104377104377, 0.9102132435465768, 0.9407407407407408, 0.9437229437229439]
AUROC: [0.9986559139784946, 0.9977598566308244, 0.9973678315412187, 1.0, 0.9820928539426524, 0.9982638888888888, 0.9969338037634409, 1.0, 0.9991319444444444, 0.979054659498208]
------------------------------------------------
