Classifier Results
------------------------------------------------
Dataset: gym movements gyro
Classifier: Boss
------------------------------------------------
Summary Stats
------------------------------------------------
Mean Train time: 819.1726160526275, Standard Deviation: 0.4430193887430812
Mean Accuracy: 0.9527777777777777, Standard Deviation: 0.017786456215091253
Mean Balanced Accuracy: 0.951875, Standard Deviation: 0.01917232706272246
Mean Precision: 0.9623280423280424, Standard Deviation: 0.015602500878053949
Mean Recall: 0.9527777777777777, Standard Deviation: 0.017786456215091253
Mean F1 Score: 0.9522721260221261, Standard Deviation: 0.018006741421494506
Mean AUROC: 0.9956765232974909, Standard Deviation: 0.00694329492090117
Confusion Matrix:
 [[41  0  1  1  0  2  0  0]
 [ 0 45  0  0  0  0  0  0]
 [ 0  0 44  0  0  0  0  1]
 [ 0  0  0 45  0  0  0  0]
 [ 0  0  1  0 44  0  0  0]
 [ 0  0  0  0  0 45  0  0]
 [ 0  1  1  0  0  0 36  7]
 [ 1  0  1  0  0  0  0 43]]
------------------------------------------------
Fold Results
------------------------------------------------
Train time: [819.0477116107941, 818.6832673549652, 818.658953666687, 819.5068609714508, 818.9749674797058, 820.038063287735, 819.7174994945526, 819.304566860199, 819.0944635868073, 818.6998062133789]
Accuracy: [0.9722222222222222, 0.9722222222222222, 0.9444444444444444, 0.9444444444444444, 0.9444444444444444, 0.9722222222222222, 0.9166666666666666, 0.9444444444444444, 0.9722222222222222, 0.9444444444444444]
Balanced Accuracy: [0.975, 0.975, 0.95, 0.95, 0.94375, 0.96875, 0.9125, 0.9375, 0.96875, 0.9375]
Precision: [0.9777777777777779, 0.9777777777777779, 0.9629629629629629, 0.9546296296296296, 0.9546296296296296, 0.9777777777777779, 0.925925925925926, 0.9546296296296296, 0.976851851851852, 0.9603174603174602]
Recall: [0.9722222222222222, 0.9722222222222222, 0.9444444444444444, 0.9444444444444444, 0.9444444444444444, 0.9722222222222222, 0.9166666666666666, 0.9444444444444444, 0.9722222222222222, 0.9444444444444444]
F1 Score: [0.9722222222222222, 0.9722222222222222, 0.9430555555555556, 0.9441638608305275, 0.9437229437229439, 0.9717813051146386, 0.915664582331249, 0.94328202661536, 0.9715007215007216, 0.9451058201058201]
AUROC: [1.0, 1.0, 0.9982638888888888, 0.9977878584229392, 0.9812528001792116, 1.0, 0.9982498879928315, 1.0, 0.998669914874552, 0.9825408826164875]
------------------------------------------------
