Classifier Results
------------------------------------------------
Dataset: gym movements az
Classifier: Decision Tree
------------------------------------------------
Train time: 0.008002281188964844
Accuracy: 0.20652173913043478
Balanced Accuracy: 0.20652173913043476
Precision: 0.20324559030151135
Recall: 0.20652173913043476
F1 Score: 0.2017005193695786
AUROC: 0.5465838509316769
Confusion Matrix:
 [[ 6  7  2  0  3  1  3  1]
 [ 2  2  4  6  1  4  3  1]
 [ 3  2  3  2  5  1  5  2]
 [ 7  1  1  2  3  4  3  2]
 [ 0  1  2  7  3  2  5  3]
 [ 4  1  3  5  1  7  1  1]
 [ 0  2  3  2  1  4 10  1]
 [ 3  2  2  4  2  2  3  5]]
------------------------------------------------
