Classifier Results
------------------------------------------------
Dataset: gym movements ay
Classifier: Decision Tree
------------------------------------------------
Train time: 0.00800180435180664
Accuracy: 0.33152173913043476
Balanced Accuracy: 0.33152173913043476
Precision: 0.35249442035432754
Recall: 0.33152173913043476
F1 Score: 0.33515828635488554
AUROC: 0.6180124223602484
Confusion Matrix:
 [[ 1  3  7  1  2  1  5  3]
 [ 3 13  0  1  2  0  2  2]
 [ 3  3  9  1  3  1  1  2]
 [ 6  0  2  8  0  0  7  0]
 [ 6  0  5  0  4  1  3  4]
 [ 4  0  4  0  0 14  0  1]
 [ 3  4  1  5  1  0  8  1]
 [ 2  3  2  3  1  1  7  4]]
------------------------------------------------
