Classifier Results
------------------------------------------------
Dataset: gym movements gx
Classifier: Decision Tree
------------------------------------------------
Train time: 0.00800180435180664
Accuracy: 0.23369565217391305
Balanced Accuracy: 0.23369565217391303
Precision: 0.25209591175108415
Recall: 0.23369565217391303
F1 Score: 0.23680792324644834
AUROC: 0.562111801242236
Confusion Matrix:
 [[5 2 3 1 5 0 4 3]
 [0 9 1 4 1 1 4 3]
 [1 4 4 3 1 4 2 4]
 [2 0 1 5 2 5 6 2]
 [0 3 2 7 5 1 3 2]
 [0 2 1 6 1 7 1 5]
 [4 8 0 5 2 2 2 0]
 [3 1 1 4 1 1 6 6]]
------------------------------------------------
