Classifier Results
------------------------------------------------
Dataset: gym movements accel
Classifier: Decision Tree
------------------------------------------------
Train time: 0.019503116607666016
Accuracy: 0.41847826086956524
Balanced Accuracy: 0.4184782608695652
Precision: 0.4109158815041168
Recall: 0.4184782608695652
F1 Score: 0.41011610644679164
AUROC: 0.6677018633540373
Confusion Matrix:
 [[ 3  5  7  1  4  1  1  1]
 [ 0 13  1  1  0  1  4  3]
 [ 7  0 11  0  2  0  2  1]
 [ 0  4  4  8  1  0  1  5]
 [ 3  0  1  1  9  2  6  1]
 [ 0  1  0  3  1 17  0  1]
 [ 0  2  1  0  3  0 12  5]
 [ 2  5  5  3  2  1  1  4]]
------------------------------------------------
