Classifier Results
------------------------------------------------
Dataset: gym movements gyro
Classifier: Decision Tree
------------------------------------------------
Train time: 0.023504257202148438
Accuracy: 0.42934782608695654
Balanced Accuracy: 0.42934782608695654
Precision: 0.43959790209790206
Recall: 0.42934782608695654
F1 Score: 0.4328742986163945
AUROC: 0.673913043478261
Confusion Matrix:
 [[ 3  2  7  1  4  2  1  3]
 [ 3 12  1  1  0  0  3  3]
 [ 7  1  8  1  4  1  1  0]
 [ 4  4  0 14  0  0  0  1]
 [ 4  3  0  2  9  2  0  3]
 [ 1  0  4  0  0 16  1  1]
 [ 1  2  2  1  1  0  9  7]
 [ 2  1  2  0  0  3  7  8]]
------------------------------------------------
