Classifier Results
------------------------------------------------
Dataset: gym movements gz
Classifier: Decision Tree
------------------------------------------------
Train time: 0.008002519607543945
Accuracy: 0.41304347826086957
Balanced Accuracy: 0.41304347826086957
Precision: 0.4847212039752362
Recall: 0.41304347826086957
F1 Score: 0.42950755307283284
AUROC: 0.6645962732919255
Confusion Matrix:
 [[ 4  1  9  2  3  0  1  3]
 [ 3 13  2  0  1  2  0  2]
 [10  1  9  0  1  0  2  0]
 [ 5  4  1 11  0  0  0  2]
 [ 3  4  2  0 11  0  0  3]
 [ 5  0  7  0  0  9  2  0]
 [ 1  2  0  1  0  0  8 11]
 [ 0  3  2  0  2  0  5 11]]
------------------------------------------------
