Classifier Results
------------------------------------------------
Dataset: gym movements ax
Classifier: Decision Tree
------------------------------------------------
Train time: 0.007000923156738281
Accuracy: 0.358695652173913
Balanced Accuracy: 0.3586956521739131
Precision: 0.35858932733932736
Recall: 0.3586956521739131
F1 Score: 0.35695442893212004
AUROC: 0.6335403726708074
Confusion Matrix:
 [[ 5  1  4  0  4  2  4  3]
 [ 1 10  0  3  0  1  3  5]
 [ 6  1  9  0  3  0  0  4]
 [ 4  2  0 13  3  0  0  1]
 [ 4  4  0  2  2  3  5  3]
 [ 2  3  1  2  0 12  3  0]
 [ 0  7  2  0  3  4  7  0]
 [ 4  2  5  1  1  0  2  8]]
------------------------------------------------
