Classifier Results
------------------------------------------------
Dataset: gym movements
Classifier: Decision Tree
------------------------------------------------
Train time: 0.03900742530822754
Accuracy: 0.4076086956521739
Balanced Accuracy: 0.4076086956521739
Precision: 0.4235660104367198
Recall: 0.4076086956521739
F1 Score: 0.4118540384988293
AUROC: 0.6614906832298136
Confusion Matrix:
 [[ 5  1  8  2  1  1  4  1]
 [ 4 12  1  4  0  0  2  0]
 [ 7  1  7  1  5  0  1  1]
 [ 3  3  1 10  3  0  2  1]
 [ 1  2  6  2 11  1  0  0]
 [ 1  1  0  1  2 16  1  1]
 [ 2  0  1  1  3  0 10  6]
 [ 4  2  6  1  2  1  3  4]]
------------------------------------------------
