Classifier Results
------------------------------------------------
Dataset: gym movements gy
Classifier: Decision Tree
------------------------------------------------
Train time: 0.010501384735107422
Accuracy: 0.15760869565217392
Balanced Accuracy: 0.15760869565217392
Precision: 0.17238191425180988
Recall: 0.15760869565217392
F1 Score: 0.1603736564284737
AUROC: 0.5186335403726707
Confusion Matrix:
 [[4 2 2 4 6 1 1 3]
 [2 6 3 2 6 0 2 2]
 [2 6 4 2 5 1 1 2]
 [2 5 2 2 2 3 2 5]
 [9 4 1 2 3 1 1 2]
 [1 1 2 3 9 3 2 2]
 [2 1 2 0 6 6 4 2]
 [4 4 4 4 3 1 0 3]]
------------------------------------------------
