Classifier Results
------------------------------------------------
Dataset: Harry_gym_movements_ay
Classifier: DecisionTreeClassifier()
------------------------------------------------
Summary Stats
------------------------------------------------
Mean Train time: 0.016852831840515135, Standard Deviation: 0.0004503124429242398
Mean Accuracy: 0.39722222222222225, Standard Deviation: 0.08611111111111111
Mean Balanced Accuracy: 0.39562500000000006, Standard Deviation: 0.08546974976563346
Mean Precision: 0.4080665784832451, Standard Deviation: 0.0796264029165033
Mean Recall: 0.39722222222222225, Standard Deviation: 0.08611111111111111
Mean F1 Score: 0.3879356291856292, Standard Deviation: 0.0829711259558077
Mean AUROC: 0.654788306451613, Standard Deviation: 0.049596594913457796
Confusion Matrix:
 [[10  7  7  2  9  1  5  4]
 [ 5 12  3  1  6  1  5 12]
 [ 9  2 17  2  4  5  0  6]
 [ 7  0  4 16  0  3  6  9]
 [ 3  4  5  1 30  0  1  1]
 [ 3  2  3  1  1 33  0  2]
 [ 6  6  0  6  1  1 14 11]
 [ 6  5  4 13  1  2  3 11]]
------------------------------------------------
Fold Results
------------------------------------------------
Train time: [0.01700305938720703, 0.01700139045715332, 0.016502857208251953, 0.01750469207763672, 0.016503095626831055, 0.017503023147583008, 0.016002416610717773, 0.01650261878967285, 0.017001867294311523, 0.017003297805786133]
Accuracy: [0.5, 0.5277777777777778, 0.3888888888888889, 0.4722222222222222, 0.3333333333333333, 0.4444444444444444, 0.3055555555555556, 0.4166666666666667, 0.25, 0.3333333333333333]
Balanced Accuracy: [0.49375, 0.525, 0.39375000000000004, 0.475, 0.33125000000000004, 0.4375, 0.29375, 0.41875, 0.25625, 0.33125000000000004]
Precision: [0.5575617283950618, 0.4886904761904762, 0.4037037037037037, 0.4765873015873016, 0.378042328042328, 0.4583333333333333, 0.3310185185185185, 0.36203703703703705, 0.31635802469135804, 0.30833333333333335]
Recall: [0.5, 0.5277777777777778, 0.3888888888888889, 0.4722222222222222, 0.3333333333333333, 0.4444444444444444, 0.3055555555555556, 0.4166666666666667, 0.25, 0.3333333333333333]
F1 Score: [0.5162538079204746, 0.5024651274651275, 0.3731661856661856, 0.46219135802469136, 0.3201278659611993, 0.43738807488807496, 0.3090828924162257, 0.37594195927529256, 0.26423653506986844, 0.3185024851691518]
AUROC: [0.7132056451612904, 0.7288306451612905, 0.6512096774193549, 0.6990927419354839, 0.6169354838709677, 0.6819556451612904, 0.6013104838709677, 0.6678427419354839, 0.5705645161290323, 0.6169354838709677]
------------------------------------------------
