Classifier Results
------------------------------------------------
Dataset: Harry_gym_movements_gy
Classifier: DecisionTreeClassifier()
------------------------------------------------
Summary Stats
------------------------------------------------
Mean Train time: 0.018253040313720704, Standard Deviation: 0.001270496886351241
Mean Accuracy: 0.15277777777777776, Standard Deviation: 0.059899607369021744
Mean Balanced Accuracy: 0.1525, Standard Deviation: 0.05950315117705953
Mean Precision: 0.15183641975308643, Standard Deviation: 0.05652615017335331
Mean Recall: 0.15277777777777776, Standard Deviation: 0.059899607369021744
Mean F1 Score: 0.14670580962247629, Standard Deviation: 0.05690913722550182
Mean AUROC: 0.5160282258064517, Standard Deviation: 0.03453764968230357
Confusion Matrix:
 [[ 3 11  5  6  6  3  6  5]
 [ 5  5  4 10  1  6  5  9]
 [10  4  7  4  3  6  4  7]
 [ 3  6  4  5  8  5  8  6]
 [10  4  3  6  9  7  4  2]
 [ 8  6  1  3  3 13  6  5]
 [ 5  5  6  5  7  5  4  8]
 [ 3  3  4 10  6  3  7  9]]
------------------------------------------------
Fold Results
------------------------------------------------
Train time: [0.017002582550048828, 0.0200045108795166, 0.01950383186340332, 0.01650214195251465, 0.017002582550048828, 0.018503189086914062, 0.020003318786621094, 0.01800370216369629, 0.019002914428710938, 0.017001628875732422]
Accuracy: [0.1111111111111111, 0.1388888888888889, 0.19444444444444445, 0.08333333333333333, 0.16666666666666666, 0.08333333333333333, 0.2777777777777778, 0.1111111111111111, 0.2222222222222222, 0.1388888888888889]
Balanced Accuracy: [0.11875, 0.1375, 0.2, 0.08125, 0.16875, 0.08125, 0.275, 0.1, 0.21250000000000002, 0.15]
Precision: [0.10493827160493825, 0.14259259259259258, 0.22698412698412695, 0.11342592592592592, 0.17003968253968252, 0.0625, 0.23955026455026454, 0.09259259259259259, 0.20634920634920634, 0.15939153439153436]
Recall: [0.1111111111111111, 0.1388888888888889, 0.19444444444444445, 0.08333333333333333, 0.16666666666666666, 0.08333333333333333, 0.2777777777777778, 0.1111111111111111, 0.2222222222222222, 0.1388888888888889]
F1 Score: [0.10181623931623933, 0.1394500561167228, 0.1987734487734488, 0.09315375982042648, 0.16526374859708193, 0.07051282051282051, 0.25452942119608785, 0.09424603174603174, 0.21105499438832773, 0.13825757575757575]
AUROC: [0.4944556451612903, 0.5085685483870968, 0.5408266129032258, 0.4727822580645161, 0.5257056451612904, 0.47479838709677424, 0.5871975806451614, 0.49294354838709675, 0.5544354838709677, 0.5085685483870968]
------------------------------------------------
