Classifier Results
------------------------------------------------
Dataset: Harry_gym_movements_az
Classifier: DecisionTreeClassifier()
------------------------------------------------
Summary Stats
------------------------------------------------
Mean Train time: 0.017752957344055176, Standard Deviation: 0.0004609957114249049
Mean Accuracy: 0.2611111111111111, Standard Deviation: 0.07049209744694178
Mean Balanced Accuracy: 0.26250000000000007, Standard Deviation: 0.07098635432250343
Mean Precision: 0.2565967134717134, Standard Deviation: 0.06871352404505182
Mean Recall: 0.2611111111111111, Standard Deviation: 0.07049209744694178
Mean F1 Score: 0.24897687733472046, Standard Deviation: 0.06535977294873101
Mean AUROC: 0.5778225806451613, Standard Deviation: 0.04084726677886603
Confusion Matrix:
 [[ 3  8  5  7  5  4  8  5]
 [ 7 14  3  4  5  6  1  5]
 [ 7  6  8  3  2  6  7  6]
 [ 6  2  2 12 12  3  2  6]
 [ 5  7  8  6  7  1  3  8]
 [ 2  4  2  4  1 22  3  7]
 [ 7  7  8  2  5  1 12  3]
 [ 5  3  7  8  4  2  0 16]]
------------------------------------------------
Fold Results
------------------------------------------------
Train time: [0.01700305938720703, 0.018503189086914062, 0.018002986907958984, 0.018003463745117188, 0.018003463745117188, 0.018002748489379883, 0.017502307891845703, 0.017003297805786133, 0.01800227165222168, 0.017502784729003906]
Accuracy: [0.2222222222222222, 0.3888888888888889, 0.2222222222222222, 0.25, 0.19444444444444445, 0.25, 0.3888888888888889, 0.16666666666666666, 0.25, 0.2777777777777778]
Balanced Accuracy: [0.22499999999999998, 0.40625, 0.23125, 0.26875, 0.20625, 0.24375000000000002, 0.375, 0.16249999999999998, 0.23125, 0.275]
Precision: [0.22499999999999998, 0.3559472934472934, 0.23928571428571427, 0.19470899470899472, 0.2101851851851852, 0.29768518518518516, 0.4044312169312169, 0.18998015873015872, 0.22592592592592592, 0.22281746031746033]
Recall: [0.2222222222222222, 0.3888888888888889, 0.2222222222222222, 0.25, 0.19444444444444445, 0.25, 0.3888888888888889, 0.16666666666666666, 0.25, 0.2777777777777778]
F1 Score: [0.2222222222222222, 0.3420583048034028, 0.21865079365079365, 0.2174523007856341, 0.19153439153439153, 0.26010717677384343, 0.3921957671957672, 0.16336487586487589, 0.2368125701459035, 0.24537037037037038]
AUROC: [0.5549395161290323, 0.6527217741935485, 0.5554435483870968, 0.5715725806451614, 0.5388104838709677, 0.5715725806451614, 0.6507056451612904, 0.5231854838709677, 0.5710685483870966, 0.5882056451612904]
------------------------------------------------
