Classifier Results
------------------------------------------------
Dataset: Harry_gym_movements
Classifier: DecisionTreeClassifier()
------------------------------------------------
Summary Stats
------------------------------------------------
Mean Train time: 0.08801519870758057, Standard Deviation: 0.0018980396323699828
Mean Accuracy: 0.47222222222222215, Standard Deviation: 0.08516505398197718
Mean Balanced Accuracy: 0.47562499999999996, Standard Deviation: 0.0863518420475209
Mean Precision: 0.4953902116402116, Standard Deviation: 0.08854503208470313
Mean Recall: 0.47222222222222215, Standard Deviation: 0.08516505398197718
Mean F1 Score: 0.46382372257372256, Standard Deviation: 0.0826441191714678
Mean AUROC: 0.698538306451613, Standard Deviation: 0.048745652580039926
Confusion Matrix:
 [[17  4  8  2  4  1  2  7]
 [ 0 12  4  6  7  1  8  7]
 [ 9  3 23  0  2  2  0  6]
 [ 1  3  3 29  2  1  1  5]
 [ 2  6  4  1 23  1  3  5]
 [ 2  2  1  2  0 35  2  1]
 [ 1  6  3  4  5  2 15  9]
 [ 7  4  4  3  3  4  4 16]]
------------------------------------------------
Fold Results
------------------------------------------------
Train time: [0.08701515197753906, 0.08901429176330566, 0.08701467514038086, 0.08651447296142578, 0.08801579475402832, 0.08951616287231445, 0.08551454544067383, 0.08951592445373535, 0.0860142707824707, 0.09201669692993164]
Accuracy: [0.5, 0.5555555555555556, 0.5555555555555556, 0.4166666666666667, 0.5, 0.4166666666666667, 0.4166666666666667, 0.4444444444444444, 0.3055555555555556, 0.6111111111111112]
Balanced Accuracy: [0.5187499999999999, 0.5625, 0.5625, 0.425, 0.5, 0.40625, 0.41875, 0.44999999999999996, 0.30625, 0.6062500000000001]
Precision: [0.5937830687830687, 0.5942460317460316, 0.5610449735449736, 0.4356481481481482, 0.5317460317460317, 0.4351851851851851, 0.42685185185185187, 0.4166666666666667, 0.34761904761904755, 0.6111111111111112]
Recall: [0.5, 0.5555555555555556, 0.5555555555555556, 0.4166666666666667, 0.5, 0.4166666666666667, 0.4166666666666667, 0.4444444444444444, 0.3055555555555556, 0.6111111111111112]
F1 Score: [0.5035026701693369, 0.5584155042488376, 0.5305134680134679, 0.4115961199294533, 0.4801907968574635, 0.4087301587301588, 0.4181096681096681, 0.412630579297246, 0.3114939073272407, 0.603054353054353]
AUROC: [0.7162298387096775, 0.7469758064516129, 0.7474798387096774, 0.6643145161290323, 0.7137096774193549, 0.6683467741935485, 0.6663306451612905, 0.6824596774193549, 0.6033266129032258, 0.7762096774193549]
------------------------------------------------
