Classifier Results
------------------------------------------------
Dataset: Harry_gym_movements_gx
Classifier: DecisionTreeClassifier()
------------------------------------------------
Summary Stats
------------------------------------------------
Mean Train time: 0.016747236251831055, Standard Deviation: 0.0012490893392429617
Mean Accuracy: 0.2972222222222222, Standard Deviation: 0.07458734212276419
Mean Balanced Accuracy: 0.298125, Standard Deviation: 0.07272862658540996
Mean Precision: 0.30707671957671956, Standard Deviation: 0.11349025886942986
Mean Recall: 0.2972222222222222, Standard Deviation: 0.07458734212276419
Mean F1 Score: 0.28826970868637536, Standard Deviation: 0.08692327165244128
Mean AUROC: 0.598891129032258, Standard Deviation: 0.04337067982965655
Confusion Matrix:
 [[11  4  9  5  3  2 10  1]
 [ 4 13  2  7  7  0  4  8]
 [ 5  4 16  2  6  4  5  3]
 [ 4  5  5  8  8  3  6  6]
 [ 2  7  3  9 14  1  8  1]
 [ 1  2  5  5  1 23  5  3]
 [ 7  4  6  3  4  3 12  6]
 [ 8  4  3  5  4  6  5 10]]
------------------------------------------------
Fold Results
------------------------------------------------
Train time: [0.017503023147583008, 0.016503572463989258, 0.015502691268920898, 0.01600337028503418, 0.020003318786621094, 0.016002416610717773, 0.0155029296875, 0.016945362091064453, 0.016502857208251953, 0.01700282096862793]
Accuracy: [0.3888888888888889, 0.3055555555555556, 0.25, 0.2222222222222222, 0.3888888888888889, 0.3611111111111111, 0.3611111111111111, 0.16666666666666666, 0.2222222222222222, 0.3055555555555556]
Balanced Accuracy: [0.38125, 0.3, 0.2625, 0.225, 0.39375000000000004, 0.35625, 0.3625, 0.175, 0.21250000000000002, 0.3125]
Precision: [0.42500000000000004, 0.24616402116402114, 0.21944444444444444, 0.20679012345679013, 0.44506172839506175, 0.4576719576719576, 0.4388888888888889, 0.16666666666666666, 0.19054232804232804, 0.274537037037037]
Recall: [0.3888888888888889, 0.3055555555555556, 0.25, 0.2222222222222222, 0.3888888888888889, 0.3611111111111111, 0.3611111111111111, 0.16666666666666666, 0.2222222222222222, 0.3055555555555556]
F1 Score: [0.3998316498316498, 0.25499037999038, 0.22941934608601272, 0.21031746031746032, 0.39838556505223177, 0.3708273208273208, 0.37837301587301586, 0.15382395382395384, 0.2027777777777778, 0.2839506172839506]
AUROC: [0.6512096774193549, 0.6043346774193549, 0.5705645161290323, 0.5529233870967742, 0.6517137096774194, 0.6355846774193549, 0.6370967741935485, 0.5231854838709677, 0.5569556451612904, 0.6053427419354839]
------------------------------------------------
