Classifier Results
------------------------------------------------
Dataset: Harry_gym_movements_gz
Classifier: DecisionTreeClassifier()
------------------------------------------------
Summary Stats
------------------------------------------------
Mean Train time: 0.014923357963562011, Standard Deviation: 0.0005196794674025339
Mean Accuracy: 0.5027777777777777, Standard Deviation: 0.04203540541783768
Mean Balanced Accuracy: 0.4987500000000001, Standard Deviation: 0.03860861302870126
Mean Precision: 0.49952711640211633, Standard Deviation: 0.046257759967710727
Mean Recall: 0.5027777777777777, Standard Deviation: 0.04203540541783768
Mean F1 Score: 0.48746605246605246, Standard Deviation: 0.04395569607132075
Mean AUROC: 0.7157762096774194, Standard Deviation: 0.02428624923341445
Confusion Matrix:
 [[ 6  2 13  3  5  5  4  7]
 [ 0 19  4  2  1  2  2 15]
 [11  3 15  2  5  6  1  2]
 [ 6  0  2 37  0  0  0  0]
 [ 3  4  7  0 30  1  0  0]
 [ 7  1  2  0  0 33  0  2]
 [ 2  4  0  2  0  2 22 13]
 [ 4  8  3  2  0  1  8 19]]
------------------------------------------------
Fold Results
------------------------------------------------
Train time: [0.014502763748168945, 0.014501571655273438, 0.01571798324584961, 0.014500856399536133, 0.016001462936401367, 0.014501094818115234, 0.015001058578491211, 0.015001296997070312, 0.014502763748168945, 0.015002727508544922]
Accuracy: [0.5, 0.4722222222222222, 0.4722222222222222, 0.5, 0.4722222222222222, 0.4722222222222222, 0.5, 0.4722222222222222, 0.5833333333333334, 0.5833333333333334]
Balanced Accuracy: [0.50625, 0.49375, 0.48124999999999996, 0.49375, 0.475, 0.4625, 0.48125, 0.45625000000000004, 0.55, 0.5875]
Precision: [0.5231481481481481, 0.45171957671957674, 0.4712962962962963, 0.5375330687830687, 0.5, 0.4395502645502645, 0.4766534391534392, 0.45462962962962966, 0.5787037037037037, 0.5620370370370371]
Recall: [0.5, 0.4722222222222222, 0.4722222222222222, 0.5, 0.4722222222222222, 0.4722222222222222, 0.5, 0.4722222222222222, 0.5833333333333334, 0.5833333333333334]
F1 Score: [0.49595157928491257, 0.44925444925444924, 0.45915504248837574, 0.49026899026899035, 0.4753066378066378, 0.44203944203944207, 0.482303190636524, 0.4451459034792368, 0.5747554914221581, 0.560479797979798]
AUROC: [0.7147177419354839, 0.6985887096774194, 0.6985887096774194, 0.7132056451612904, 0.6980846774193549, 0.6985887096774194, 0.7142137096774194, 0.6970766129032258, 0.7631048387096775, 0.7615927419354839]
------------------------------------------------
