Classifier Results
------------------------------------------------
Dataset: Harry_gym_movements_ax
Classifier: DecisionTreeClassifier()
------------------------------------------------
Summary Stats
------------------------------------------------
Mean Train time: 0.015752434730529785, Standard Deviation: 0.00046133212950333786
Mean Accuracy: 0.4111111111111111, Standard Deviation: 0.0700528900717694
Mean Balanced Accuracy: 0.41375, Standard Deviation: 0.06329494450586079
Mean Precision: 0.40333774250440924, Standard Deviation: 0.06845990733444769
Mean Recall: 0.4111111111111111, Standard Deviation: 0.0700528900717694
Mean F1 Score: 0.391385944302611, Standard Deviation: 0.06639103668946034
Mean AUROC: 0.663608870967742, Standard Deviation: 0.039515743291402304
Confusion Matrix:
 [[11  1  9  3  7  4  2  8]
 [ 3 18  1  5  6  1  5  6]
 [14  0 20  1  4  1  1  4]
 [ 1  6  3 27  2  5  0  1]
 [ 9  3  3  4 11  5  6  4]
 [ 4  5  1  2  3 25  3  2]
 [ 3  7  0  0  7  6 17  5]
 [ 6  8  2  3  2  1  4 19]]
------------------------------------------------
Fold Results
------------------------------------------------
Train time: [0.015501022338867188, 0.015502452850341797, 0.01600193977355957, 0.016002655029296875, 0.015502691268920898, 0.015503168106079102, 0.01650261878967285, 0.015502691268920898, 0.015001535415649414, 0.016503572463989258]
Accuracy: [0.3611111111111111, 0.4444444444444444, 0.3611111111111111, 0.3333333333333333, 0.4166666666666667, 0.5277777777777778, 0.4444444444444444, 0.5277777777777778, 0.3611111111111111, 0.3333333333333333]
Balanced Accuracy: [0.375, 0.45625, 0.3625, 0.35624999999999996, 0.425, 0.5125, 0.44999999999999996, 0.5125, 0.35000000000000003, 0.3375]
Precision: [0.3365079365079365, 0.49523809523809526, 0.366468253968254, 0.3138888888888889, 0.3628968253968254, 0.4846891534391534, 0.4740740740740741, 0.48495370370370366, 0.3722222222222222, 0.3424382716049383]
Recall: [0.3611111111111111, 0.4444444444444444, 0.3611111111111111, 0.3333333333333333, 0.4166666666666667, 0.5277777777777778, 0.4444444444444444, 0.5277777777777778, 0.3611111111111111, 0.3333333333333333]
F1 Score: [0.33730158730158727, 0.4341049382716049, 0.3424322590989257, 0.316820987654321, 0.38019079685746354, 0.49396282729616064, 0.4462081128747795, 0.49446386946386944, 0.35076960076960073, 0.31760446343779675]
AUROC: [0.6335685483870968, 0.6819556451612903, 0.6365927419354839, 0.6184475806451614, 0.6668346774193549, 0.7298387096774194, 0.6824596774193549, 0.7293346774193548, 0.6345766129032258, 0.6224798387096775]
------------------------------------------------
