Classifier Results
------------------------------------------------
Dataset: Harry_gym_movements_accel
Classifier: DecisionTreeClassifier()
------------------------------------------------
Summary Stats
------------------------------------------------
Mean Train time: 0.044678568840026855, Standard Deviation: 0.0008446185049566588
Mean Accuracy: 0.43888888888888883, Standard Deviation: 0.09844469525927417
Mean Balanced Accuracy: 0.440625, Standard Deviation: 0.10175222663411354
Mean Precision: 0.4610185185185185, Standard Deviation: 0.1232785107324402
Mean Recall: 0.43888888888888883, Standard Deviation: 0.09844469525927417
Mean F1 Score: 0.4304244829244829, Standard Deviation: 0.09812935972483816
Mean AUROC: 0.6798387096774194, Standard Deviation: 0.05616231314265663
Confusion Matrix:
 [[17  1 11  2  5  0  2  7]
 [ 6 17  0  5  2  2  5  8]
 [10  0 19  2  3  2  4  5]
 [ 5  5  4 24  1  0  1  5]
 [ 7  2 10  3 16  1  1  5]
 [ 1  1  2  1  1 35  1  3]
 [ 3  8  1  4  3  0 21  5]
 [ 8  5  4  7  3  5  4  9]]
------------------------------------------------
Fold Results
------------------------------------------------
Train time: [0.04550766944885254, 0.045006752014160156, 0.045008182525634766, 0.04400753974914551, 0.04621767997741699, 0.0440068244934082, 0.044507503509521484, 0.045007944107055664, 0.04300737380981445, 0.04450821876525879]
Accuracy: [0.6111111111111112, 0.5, 0.3888888888888889, 0.4444444444444444, 0.4444444444444444, 0.5277777777777778, 0.4722222222222222, 0.4444444444444444, 0.2777777777777778, 0.2777777777777778]
Balanced Accuracy: [0.6062500000000001, 0.5062500000000001, 0.39374999999999993, 0.4625, 0.45, 0.51875, 0.47500000000000003, 0.46249999999999997, 0.26875000000000004, 0.2625]
Precision: [0.7108024691358025, 0.515542328042328, 0.45257936507936514, 0.4259259259259259, 0.455026455026455, 0.5803571428571428, 0.5069444444444444, 0.4030864197530864, 0.2791666666666667, 0.28075396825396826]
Recall: [0.6111111111111112, 0.5, 0.3888888888888889, 0.4444444444444444, 0.4444444444444444, 0.5277777777777778, 0.4722222222222222, 0.4444444444444444, 0.2777777777777778, 0.2777777777777778]
F1 Score: [0.6033349366682699, 0.4936447811447811, 0.3899711399711399, 0.42159090909090907, 0.4261544011544011, 0.531144781144781, 0.47279541446208107, 0.41622574955908287, 0.2777777777777778, 0.2716049382716049]
AUROC: [0.777217741935484, 0.7147177419354839, 0.6512096774193549, 0.6824596774193549, 0.6829637096774194, 0.7318548387096775, 0.7001008064516129, 0.6819556451612904, 0.5877016129032258, 0.5882056451612904]
------------------------------------------------
