Classifier Results
------------------------------------------------
Dataset: Harry_gym_movements_gyro
Classifier: DecisionTreeClassifier()
------------------------------------------------
Summary Stats
------------------------------------------------
Mean Train time: 0.042207193374633786, Standard Deviation: 0.0008720859899053986
Mean Accuracy: 0.4722222222222222, Standard Deviation: 0.06454972243679027
Mean Balanced Accuracy: 0.46875, Standard Deviation: 0.06835111557246158
Mean Precision: 0.46652777777777776, Standard Deviation: 0.06194600253439086
Mean Recall: 0.4722222222222222, Standard Deviation: 0.06454972243679027
Mean F1 Score: 0.45625499500499506, Standard Deviation: 0.06101261514893544
Mean AUROC: 0.6982862903225806, Standard Deviation: 0.03660273790423836
Confusion Matrix:
 [[ 8  5 12  3  6  5  2  4]
 [ 2 25  1  2  3  1  2  9]
 [ 9  6 18  0  5  2  3  2]
 [ 5  1  2 30  0  2  3  2]
 [ 7  3  2  0 32  0  0  1]
 [ 4  2  3  0  0 30  2  4]
 [ 2  7  1  4  1  2 16 12]
 [ 1  8  5  3  1  4 12 11]]
------------------------------------------------
Fold Results
------------------------------------------------
Train time: [0.04300737380981445, 0.04250764846801758, 0.0420074462890625, 0.04250693321228027, 0.043007612228393555, 0.04350709915161133, 0.0420074462890625, 0.0420072078704834, 0.040505409240722656, 0.04100775718688965]
Accuracy: [0.4722222222222222, 0.6388888888888888, 0.5, 0.3888888888888889, 0.4444444444444444, 0.4444444444444444, 0.4166666666666667, 0.4444444444444444, 0.4722222222222222, 0.5]
Balanced Accuracy: [0.475, 0.64375, 0.5125, 0.39375, 0.4375, 0.44375, 0.40625, 0.43125, 0.44375, 0.5]
Precision: [0.5314814814814814, 0.599074074074074, 0.47777777777777775, 0.4018518518518518, 0.37962962962962965, 0.44206349206349205, 0.41243386243386243, 0.4586640211640211, 0.46230158730158727, 0.5]
Recall: [0.4722222222222222, 0.6388888888888888, 0.5, 0.3888888888888889, 0.4444444444444444, 0.4444444444444444, 0.4166666666666667, 0.4444444444444444, 0.4722222222222222, 0.5]
F1 Score: [0.49170875420875426, 0.5992504409171076, 0.481060606060606, 0.3754964171630838, 0.40757575757575754, 0.4274490941157608, 0.4061728395061729, 0.4238377363377363, 0.453525641025641, 0.4964726631393299]
AUROC: [0.6990927419354838, 0.7928427419354839, 0.7142137096774194, 0.6517137096774194, 0.6809475806451614, 0.6839717741935485, 0.6668346774193549, 0.6809475806451614, 0.6985887096774194, 0.7137096774193549]
------------------------------------------------
