Classifier Results
------------------------------------------------
Dataset: Harry_gym_movements
Classifier: MLPClassifier()
------------------------------------------------
Summary Stats
------------------------------------------------
Mean Train time: 0.8310059309005737, Standard Deviation: 0.01784031640970035
Mean Accuracy: 0.7083333333333334, Standard Deviation: 0.05450393575096829
Mean Balanced Accuracy: 0.7137499999999999, Standard Deviation: 0.05205165703414252
Mean Precision: 0.7257407407407408, Standard Deviation: 0.07976990996707468
Mean Recall: 0.7083333333333334, Standard Deviation: 0.05450393575096829
Mean F1 Score: 0.7020765499932167, Standard Deviation: 0.06284318511856869
Mean AUROC: 0.9302307347670252, Standard Deviation: 0.02143311093363862
Confusion Matrix:
 [[22  1 10  0  2  0  1  9]
 [ 1 37  1  1  2  0  0  3]
 [12  0 30  0  3  0  0  0]
 [ 2  2  0 31  2  0  1  7]
 [ 0  1  2  1 38  0  0  3]
 [ 0  0  0  0  0 42  1  2]
 [ 3  0  0  0  2  1 38  1]
 [ 5  7  3  5  1  2  5 17]]
------------------------------------------------
Fold Results
------------------------------------------------
Train time: [0.8126406669616699, 0.833961009979248, 0.8219802379608154, 0.8241446018218994, 0.863457202911377, 0.8661134243011475, 0.8273897171020508, 0.8246426582336426, 0.8213036060333252, 0.8144261837005615]
Accuracy: [0.6666666666666666, 0.75, 0.6944444444444444, 0.6666666666666666, 0.7777777777777778, 0.8055555555555556, 0.7222222222222222, 0.6944444444444444, 0.6944444444444444, 0.6111111111111112]
Balanced Accuracy: [0.66875, 0.7562500000000001, 0.7, 0.675, 0.78125, 0.8062499999999999, 0.725, 0.70625, 0.69375, 0.625]
Precision: [0.7456349206349207, 0.7652777777777777, 0.7166666666666666, 0.6583333333333333, 0.8027777777777777, 0.8435185185185186, 0.7639550264550264, 0.6962962962962964, 0.7260582010582011, 0.5388888888888889]
Recall: [0.6666666666666666, 0.75, 0.6944444444444444, 0.6666666666666666, 0.7777777777777778, 0.8055555555555556, 0.7222222222222222, 0.6944444444444444, 0.6944444444444444, 0.6111111111111112]
F1 Score: [0.6833413500080167, 0.7526455026455027, 0.6944444444444444, 0.6519383394383395, 0.7799422799422799, 0.80007215007215, 0.7144059644059645, 0.6910774410774411, 0.684042809042809, 0.5688552188552188]
AUROC: [0.9102542562724013, 0.9270833333333334, 0.9326276881720431, 0.9179827508960573, 0.9743503584229392, 0.9469646057347672, 0.9502688172043011, 0.9226030465949822, 0.9263832885304658, 0.8937892025089604]
------------------------------------------------
