Classifier Results
------------------------------------------------
Dataset: Harry_gym_movements_accel
Classifier: MLPClassifier()
------------------------------------------------
Summary Stats
------------------------------------------------
Mean Train time: 0.5643717765808105, Standard Deviation: 0.026207574535378458
Mean Accuracy: 0.6694444444444445, Standard Deviation: 0.051893171367415
Mean Balanced Accuracy: 0.6712499999999999, Standard Deviation: 0.05399652766613792
Mean Precision: 0.6917658730158729, Standard Deviation: 0.05147976896244645
Mean Recall: 0.6694444444444445, Standard Deviation: 0.051893171367415
Mean F1 Score: 0.6667809042809043, Standard Deviation: 0.050245226092283435
Mean AUROC: 0.9183355734767025, Standard Deviation: 0.029030904937125603
Confusion Matrix:
 [[23  2 10  2  1  2  1  4]
 [ 0 34  0  2  0  1  2  6]
 [14  0 27  0  1  1  0  2]
 [ 2  3  0 28  0  1  2  9]
 [ 1  0  0  0 38  2  1  3]
 [ 0  0  1  1  0 40  0  3]
 [ 1  4  2  0  2  2 32  2]
 [ 7  6  3  6  1  1  2 19]]
------------------------------------------------
Fold Results
------------------------------------------------
Train time: [0.5371847152709961, 0.5904765129089355, 0.6316099166870117, 0.5548298358917236, 0.5565965175628662, 0.5685992240905762, 0.546116828918457, 0.5495951175689697, 0.5559594631195068, 0.5527496337890625]
Accuracy: [0.5555555555555556, 0.7222222222222222, 0.7222222222222222, 0.6666666666666666, 0.6666666666666666, 0.6944444444444444, 0.7222222222222222, 0.6388888888888888, 0.6111111111111112, 0.6944444444444444]
Balanced Accuracy: [0.55, 0.725, 0.73125, 0.66875, 0.66875, 0.6875, 0.71875, 0.64375, 0.6125, 0.70625]
Precision: [0.6152116402116401, 0.7465608465608465, 0.7625661375661374, 0.6893518518518519, 0.7004629629629631, 0.7232142857142857, 0.7342592592592593, 0.6444444444444444, 0.6052248677248677, 0.6963624338624339]
Recall: [0.5555555555555556, 0.7222222222222222, 0.7222222222222222, 0.6666666666666666, 0.6666666666666666, 0.6944444444444444, 0.7222222222222222, 0.6388888888888888, 0.6111111111111112, 0.6944444444444444]
F1 Score: [0.5709676126342793, 0.7253086419753086, 0.7250180375180375, 0.6610409652076318, 0.6691358024691358, 0.6913379830046495, 0.7191157607824274, 0.6367243867243868, 0.5965608465608465, 0.6725990059323392]
AUROC: [0.8684475806451614, 0.9450884856630825, 0.94346438172043, 0.9072860663082438, 0.9114303315412187, 0.941532258064516, 0.9653897849462365, 0.8959173387096774, 0.9205589157706093, 0.8842405913978495]
------------------------------------------------
