Classifier Results
------------------------------------------------
Dataset: Harry_gym_movements_gy
Classifier: MLPClassifier()
------------------------------------------------
Summary Stats
------------------------------------------------
Mean Train time: 0.38532471656799316, Standard Deviation: 0.018654279400853235
Mean Accuracy: 0.2666666666666666, Standard Deviation: 0.04513354669242201
Mean Balanced Accuracy: 0.26749999999999996, Standard Deviation: 0.041155194082885815
Mean Precision: 0.27234237213403883, Standard Deviation: 0.058822144370748494
Mean Recall: 0.2666666666666666, Standard Deviation: 0.04513354669242201
Mean F1 Score: 0.2553166432333099, Standard Deviation: 0.04597625190855668
Mean AUROC: 0.6754200268817203, Standard Deviation: 0.030000391922164714
Confusion Matrix:
 [[10  7  6  5  4  2  4  7]
 [ 7 10  7  4  6  3  4  4]
 [ 3  7 16  1  5  6  3  4]
 [ 6  6  3  8  5  6  2  9]
 [ 4  5  0  4 16  6  7  3]
 [ 5  4  2  3  6 16  6  3]
 [ 2  6  6  2  9  3 13  4]
 [ 9  7  3  6  4  9  0  7]]
------------------------------------------------
Fold Results
------------------------------------------------
Train time: [0.3600633144378662, 0.389801025390625, 0.364063024520874, 0.37956666946411133, 0.4318842887878418, 0.3960697650909424, 0.37906575202941895, 0.38556790351867676, 0.38159799575805664, 0.38556742668151855]
Accuracy: [0.25, 0.25, 0.25, 0.19444444444444445, 0.3611111111111111, 0.2777777777777778, 0.3055555555555556, 0.2222222222222222, 0.3055555555555556, 0.25]
Balanced Accuracy: [0.23750000000000002, 0.25625000000000003, 0.25625, 0.2, 0.3375, 0.29374999999999996, 0.3125, 0.225, 0.30624999999999997, 0.25]
Precision: [0.24768518518518517, 0.22160493827160493, 0.20317460317460317, 0.21243386243386242, 0.33908730158730155, 0.26203703703703707, 0.3453703703703704, 0.22764550264550262, 0.3768518518518518, 0.2875330687830687]
Recall: [0.25, 0.25, 0.25, 0.19444444444444445, 0.3611111111111111, 0.2777777777777778, 0.3055555555555556, 0.2222222222222222, 0.3055555555555556, 0.25]
F1 Score: [0.24803591470258135, 0.228864499697833, 0.22109988776655445, 0.19429012345679014, 0.33550400217066884, 0.25044091710758376, 0.3156966490299824, 0.21373456790123457, 0.31182659932659934, 0.23367327117327116]
AUROC: [0.6436211917562724, 0.6678427419354839, 0.6898521505376345, 0.6785674283154122, 0.7454917114695341, 0.650005600358423, 0.6978326612903225, 0.6662746415770608, 0.6787914426523297, 0.6359206989247311]
------------------------------------------------
