Classifier Results
------------------------------------------------
Dataset: Harry_gym_movements_az
Classifier: MLPClassifier()
------------------------------------------------
Summary Stats
------------------------------------------------
Mean Train time: 0.3790029287338257, Standard Deviation: 0.008125724438342223
Mean Accuracy: 0.40555555555555556, Standard Deviation: 0.057197945227705556
Mean Balanced Accuracy: 0.405625, Standard Deviation: 0.05945389495230736
Mean Precision: 0.42774691358024686, Standard Deviation: 0.07824537787353016
Mean Recall: 0.40555555555555556, Standard Deviation: 0.057197945227705556
Mean F1 Score: 0.39944606319606313, Standard Deviation: 0.06407728809982147
Mean AUROC: 0.7455421146953405, Standard Deviation: 0.03832461531143729
Confusion Matrix:
 [[ 9  3  4  7  3  9  5  5]
 [ 5 13  2  6  9  0  4  6]
 [ 4  2 21  2  4  8  0  4]
 [ 7  3  5 14  8  3  0  5]
 [ 5 10  2  8 15  3  0  2]
 [ 8  0  3  5  2 26  1  0]
 [ 3  7  2  0  4  1 28  0]
 [ 4  2  4  7  3  3  2 20]]
------------------------------------------------
Fold Results
------------------------------------------------
Train time: [0.38106584548950195, 0.3844625949859619, 0.3710660934448242, 0.37656545639038086, 0.36880970001220703, 0.3800671100616455, 0.393294095993042, 0.37656641006469727, 0.36806464195251465, 0.39006733894348145]
Accuracy: [0.4166666666666667, 0.3611111111111111, 0.4444444444444444, 0.4444444444444444, 0.3888888888888889, 0.4722222222222222, 0.4166666666666667, 0.3611111111111111, 0.2777777777777778, 0.4722222222222222]
Balanced Accuracy: [0.41875, 0.35625, 0.44375000000000003, 0.45625, 0.38125, 0.48124999999999996, 0.40625, 0.36875, 0.275, 0.46875]
Precision: [0.5003306878306878, 0.312037037037037, 0.45370370370370366, 0.4781746031746032, 0.4368386243386243, 0.5271164021164021, 0.45879629629629626, 0.33533950617283953, 0.2962962962962963, 0.47883597883597884]
Recall: [0.4166666666666667, 0.3611111111111111, 0.4444444444444444, 0.4444444444444444, 0.3888888888888889, 0.4722222222222222, 0.4166666666666667, 0.3611111111111111, 0.2777777777777778, 0.4722222222222222]
F1 Score: [0.4258377425044092, 0.3331649831649831, 0.43207671957671967, 0.43763427930094595, 0.3888750138750139, 0.47739297739297737, 0.4301346801346801, 0.33719135802469136, 0.2655423280423281, 0.4666105499438833]
AUROC: [0.6904681899641578, 0.7874383960573477, 0.7418514784946236, 0.7319108422939068, 0.7884464605734767, 0.7595766129032258, 0.7711133512544803, 0.7510920698924731, 0.6651825716845878, 0.7683411738351255]
------------------------------------------------
