Classifier Results
------------------------------------------------
Dataset: Harry_gym_movements_ax
Classifier: MLPClassifier()
------------------------------------------------
Summary Stats
------------------------------------------------
Mean Train time: 0.38616433143615725, Standard Deviation: 0.01001663365656615
Mean Accuracy: 0.5833333333333334, Standard Deviation: 0.10015420209622192
Mean Balanced Accuracy: 0.5856250000000001, Standard Deviation: 0.09714880660615444
Mean Precision: 0.6046164021164021, Standard Deviation: 0.11207486180837309
Mean Recall: 0.5833333333333334, Standard Deviation: 0.10015420209622192
Mean F1 Score: 0.5761744428411095, Standard Deviation: 0.09994695582777659
Mean AUROC: 0.8724126344086022, Standard Deviation: 0.036828269964152345
Confusion Matrix:
 [[13  1  8  1  7 10  0  5]
 [ 1 24  0  3  3  4  2  8]
 [12  1 26  0  2  2  0  2]
 [ 0  4  0 33  3  2  0  3]
 [ 4  0  1  5 26  3  1  5]
 [ 2  2  1  5  2 31  0  2]
 [ 1  5  0  0  1  3 35  0]
 [ 2  8  4  1  2  1  5 22]]
------------------------------------------------
Fold Results
------------------------------------------------
Train time: [0.38678455352783203, 0.3895683288574219, 0.3980681896209717, 0.4065735340118408, 0.36979222297668457, 0.378065824508667, 0.39006781578063965, 0.38184547424316406, 0.3805665969848633, 0.3803107738494873]
Accuracy: [0.5, 0.6111111111111112, 0.5, 0.6666666666666666, 0.5833333333333334, 0.6388888888888888, 0.75, 0.5277777777777778, 0.3888888888888889, 0.6666666666666666]
Balanced Accuracy: [0.50625, 0.6187499999999999, 0.5062500000000001, 0.675, 0.58125, 0.625, 0.74375, 0.525, 0.4, 0.675]
Precision: [0.5023148148148148, 0.6638888888888889, 0.5498015873015872, 0.7680555555555555, 0.574074074074074, 0.658068783068783, 0.73994708994709, 0.5326719576719576, 0.3818783068783069, 0.675462962962963]
Recall: [0.5, 0.6111111111111112, 0.5, 0.6666666666666666, 0.5833333333333334, 0.6388888888888888, 0.75, 0.5277777777777778, 0.3888888888888889, 0.6666666666666666]
F1 Score: [0.49396745230078565, 0.6056196889530223, 0.49274490941157606, 0.6649911816578483, 0.5716129549462884, 0.6410133076799744, 0.7327441077441077, 0.5153719737053071, 0.3820546737213404, 0.6616241782908449]
AUROC: [0.8415378584229392, 0.8942652329749105, 0.8073756720430106, 0.8966733870967742, 0.881804435483871, 0.8787522401433692, 0.9369399641577062, 0.8519545250896057, 0.8316812275985662, 0.9031418010752689]
------------------------------------------------
