Classifier Results
------------------------------------------------
Dataset: Harry_gym_movements_ay
Classifier: MLPClassifier()
------------------------------------------------
Summary Stats
------------------------------------------------
Mean Train time: 0.39036715030670166, Standard Deviation: 0.015283015210714063
Mean Accuracy: 0.638888888888889, Standard Deviation: 0.07243558228002941
Mean Balanced Accuracy: 0.6375, Standard Deviation: 0.07510409442899901
Mean Precision: 0.6527248677248678, Standard Deviation: 0.08925790683858831
Mean Recall: 0.638888888888889, Standard Deviation: 0.07243558228002941
Mean F1 Score: 0.6249790487290486, Standard Deviation: 0.07407153367303461
Mean AUROC: 0.9070900537634408, Standard Deviation: 0.015624879561720262
Confusion Matrix:
 [[15  4  9  2  4  8  2  1]
 [ 2 25  1  0  5  0  6  6]
 [10  0 26  2  2  4  1  0]
 [ 0  2  1 33  0  1  2  6]
 [ 3  1  0  0 41  0  0  0]
 [ 1  0  2  0  0 42  0  0]
 [ 3 11  0  2  0  0 22  7]
 [ 2  2  1  2  0  0 12 26]]
------------------------------------------------
Fold Results
------------------------------------------------
Train time: [0.3888099193572998, 0.3910682201385498, 0.38106536865234375, 0.37206602096557617, 0.37206554412841797, 0.37510228157043457, 0.4187355041503906, 0.41178417205810547, 0.3980693817138672, 0.39490509033203125]
Accuracy: [0.7222222222222222, 0.5277777777777778, 0.6111111111111112, 0.6944444444444444, 0.5, 0.6944444444444444, 0.6111111111111112, 0.6944444444444444, 0.6388888888888888, 0.6944444444444444]
Balanced Accuracy: [0.73125, 0.53125, 0.61875, 0.70625, 0.49375, 0.675, 0.59375, 0.70625, 0.63125, 0.6875]
Precision: [0.7402777777777777, 0.6039351851851852, 0.5462301587301588, 0.6779100529100529, 0.4824074074074074, 0.7493386243386243, 0.5790895061728395, 0.6968253968253968, 0.7, 0.7512345679012346]
Recall: [0.7222222222222222, 0.5277777777777778, 0.6111111111111112, 0.6944444444444444, 0.5, 0.6944444444444444, 0.6111111111111112, 0.6944444444444444, 0.6388888888888888, 0.6944444444444444]
F1 Score: [0.724074074074074, 0.5402930402930404, 0.5709876543209876, 0.673100048100048, 0.4838664421997756, 0.6912698412698413, 0.575091575091575, 0.6788019079685746, 0.6337124295457629, 0.6785934744268078]
AUROC: [0.9131384408602151, 0.8979894713261649, 0.8817764336917563, 0.9075660842293907, 0.8934251792114696, 0.9197188620071685, 0.9223790322580645, 0.9240031362007168, 0.9255712365591398, 0.8853326612903226]
------------------------------------------------
