Classifier Results
------------------------------------------------
Dataset: Harry_gym_movements_gyro
Classifier: MLPClassifier()
------------------------------------------------
Summary Stats
------------------------------------------------
Mean Train time: 0.5533030748367309, Standard Deviation: 0.022644319419512508
Mean Accuracy: 0.6194444444444445, Standard Deviation: 0.08337961677668684
Mean Balanced Accuracy: 0.623125, Standard Deviation: 0.08009028108953047
Mean Precision: 0.6520502645502646, Standard Deviation: 0.10255731152310106
Mean Recall: 0.6194444444444445, Standard Deviation: 0.08337961677668684
Mean F1 Score: 0.611688388771722, Standard Deviation: 0.09197329901124122
Mean AUROC: 0.8815916218637992, Standard Deviation: 0.03272566748968352
Confusion Matrix:
 [[18  3  4  2  5  5  2  6]
 [ 1 32  1  2  0  0  2  7]
 [ 6  0 28  0  6  2  2  1]
 [ 6  3  0 27  1  1  5  2]
 [ 1  0  0  2 31  3  5  3]
 [ 1  1  1  0  0 39  1  2]
 [ 1  4  1  1  3  1 30  4]
 [ 5  9  2  1  0  2  8 18]]
------------------------------------------------
Fold Results
------------------------------------------------
Train time: [0.5220921039581299, 0.5503108501434326, 0.5185883045196533, 0.5517997741699219, 0.5535967350006104, 0.5682203769683838, 0.6036062240600586, 0.5465946197509766, 0.5531227588653564, 0.5650990009307861]
Accuracy: [0.4722222222222222, 0.6944444444444444, 0.5277777777777778, 0.6944444444444444, 0.6666666666666666, 0.6666666666666666, 0.5833333333333334, 0.5833333333333334, 0.75, 0.5555555555555556]
Balanced Accuracy: [0.4875, 0.7000000000000001, 0.53125, 0.7000000000000001, 0.6687500000000001, 0.65625, 0.5875, 0.5875, 0.75, 0.5625]
Precision: [0.47430555555555554, 0.7250000000000001, 0.5949074074074073, 0.7437169312169313, 0.7057539682539683, 0.7359126984126984, 0.6039682539682539, 0.6143518518518518, 0.8075396825396826, 0.5150462962962963]
Recall: [0.4722222222222222, 0.6944444444444444, 0.5277777777777778, 0.6944444444444444, 0.6666666666666666, 0.6666666666666666, 0.5833333333333334, 0.5833333333333334, 0.75, 0.5555555555555556]
F1 Score: [0.44778863112196443, 0.6980018438351772, 0.5382597340930675, 0.6947390572390572, 0.6716269841269841, 0.6584315375982043, 0.5655262946929613, 0.5781926406926406, 0.7507335257335258, 0.5135836385836385]
AUROC: [0.8459341397849462, 0.9470766129032258, 0.8361615143369175, 0.9110103046594982, 0.9083221326164875, 0.8761760752688172, 0.8678875448028673, 0.8734318996415771, 0.8987735215053765, 0.8511424731182795]
------------------------------------------------
