Classifier Results
------------------------------------------------
Dataset: Harry_gym_movements_gx
Classifier: MLPClassifier()
------------------------------------------------
Summary Stats
------------------------------------------------
Mean Train time: 0.38341593742370605, Standard Deviation: 0.01879011454684761
Mean Accuracy: 0.40555555555555556, Standard Deviation: 0.08443713418650371
Mean Balanced Accuracy: 0.40750000000000003, Standard Deviation: 0.0838898086778126
Mean Precision: 0.42853725749559085, Standard Deviation: 0.09495217457400179
Mean Recall: 0.40555555555555556, Standard Deviation: 0.08443713418650371
Mean F1 Score: 0.390696587363254, Standard Deviation: 0.07789455713382862
Mean AUROC: 0.7666694668458781, Standard Deviation: 0.04262080845624123
Confusion Matrix:
 [[11  3  9  3  5  2  5  7]
 [ 1 16  2  9 10  1  2  4]
 [ 8  1 18  2  1  8  4  3]
 [ 2  5  1 17  9  2  4  5]
 [ 0  8  1  8 22  0  2  4]
 [ 3  1 10  0  1 24  2  4]
 [ 5  3  1  0  3  3 18 12]
 [ 3  1  1  2  3  7  8 20]]
------------------------------------------------
Fold Results
------------------------------------------------
Train time: [0.42546844482421875, 0.40828585624694824, 0.37256503105163574, 0.3890674114227295, 0.38863587379455566, 0.3695642948150635, 0.3665621280670166, 0.37706565856933594, 0.36987972259521484, 0.3670649528503418]
Accuracy: [0.4166666666666667, 0.5833333333333334, 0.3611111111111111, 0.4166666666666667, 0.25, 0.4722222222222222, 0.4444444444444444, 0.3333333333333333, 0.4166666666666667, 0.3611111111111111]
Balanced Accuracy: [0.425, 0.58125, 0.375, 0.41874999999999996, 0.25, 0.46875, 0.45, 0.3375, 0.41874999999999996, 0.35]
Precision: [0.5082671957671958, 0.6368055555555555, 0.4189153439153439, 0.3855820105820105, 0.2685185185185185, 0.46917989417989425, 0.3973765432098765, 0.3525132275132275, 0.4712301587301588, 0.3769841269841269]
Recall: [0.4166666666666667, 0.5833333333333334, 0.3611111111111111, 0.4166666666666667, 0.25, 0.4722222222222222, 0.4444444444444444, 0.3333333333333333, 0.4166666666666667, 0.3611111111111111]
F1 Score: [0.4122895622895622, 0.5532180782180782, 0.3662918871252205, 0.39023569023569027, 0.24450857784191118, 0.46384479717813043, 0.4047699214365881, 0.3175865800865801, 0.3939393939393939, 0.3602813852813853]
AUROC: [0.75459229390681, 0.8660954301075269, 0.7265344982078853, 0.759744623655914, 0.7035730286738351, 0.7967629928315412, 0.7957269265232976, 0.74033938172043, 0.7610887096774194, 0.7622367831541218]
------------------------------------------------
