Classifier Results
------------------------------------------------
Dataset: Harry_gym_movements_gz
Classifier: MLPClassifier()
------------------------------------------------
Summary Stats
------------------------------------------------
Mean Train time: 0.3927819490432739, Standard Deviation: 0.01789374052992972
Mean Accuracy: 0.6055555555555555, Standard Deviation: 0.09525793444156802
Mean Balanced Accuracy: 0.6074999999999999, Standard Deviation: 0.08789197915623471
Mean Precision: 0.6170171957671957, Standard Deviation: 0.11404824900964851
Mean Recall: 0.6055555555555555, Standard Deviation: 0.09525793444156802
Mean F1 Score: 0.5920167949334615, Standard Deviation: 0.10255715511736807
Mean AUROC: 0.8965865815412186, Standard Deviation: 0.028880933409565622
Confusion Matrix:
 [[10  4 14  3  8  6  0  0]
 [ 3 33  0  0  0  0  4  5]
 [17  0 17  1  1  8  1  0]
 [ 6  0  0 36  1  0  1  1]
 [ 4  0  0  1 38  2  0  0]
 [ 3  0  6  0  0 36  0  0]
 [ 1  5  2  0  0  0 23 14]
 [ 0  4  1  0  0  1 14 25]]
------------------------------------------------
Fold Results
------------------------------------------------
Train time: [0.39006972312927246, 0.36377859115600586, 0.3695642948150635, 0.3800673484802246, 0.4000697135925293, 0.3919239044189453, 0.38806748390197754, 0.4115729331970215, 0.4238443374633789, 0.4088611602783203]
Accuracy: [0.5277777777777778, 0.6666666666666666, 0.5, 0.5555555555555556, 0.4722222222222222, 0.7777777777777778, 0.6666666666666666, 0.6111111111111112, 0.7222222222222222, 0.5555555555555556]
Balanced Accuracy: [0.55, 0.6875, 0.525, 0.5625, 0.46875, 0.75625, 0.6375, 0.60625, 0.725, 0.5562499999999999]
Precision: [0.5003968253968254, 0.7017195767195766, 0.4384920634920635, 0.6157407407407407, 0.470568783068783, 0.8083333333333333, 0.6593915343915344, 0.6504629629629629, 0.741005291005291, 0.5840608465608467]
Recall: [0.5277777777777778, 0.6666666666666666, 0.5, 0.5555555555555556, 0.4722222222222222, 0.7777777777777778, 0.6666666666666666, 0.6111111111111112, 0.7222222222222222, 0.5555555555555556]
F1 Score: [0.5014530222863556, 0.6580467372134039, 0.44527817861151203, 0.5548340548340548, 0.4613596280262947, 0.7793009459676126, 0.6503326919993585, 0.6164963123296456, 0.701278659611993, 0.5517877184543851]
AUROC: [0.8542786738351253, 0.9222390232974911, 0.8494343637992832, 0.8937612007168458, 0.8824484767025089, 0.9155465949820789, 0.9180667562724015, 0.9118503584229392, 0.9414762544802867, 0.8767641129032259]
------------------------------------------------
