Classifier Results
------------------------------------------------
Dataset: Harry_gym_movements
Classifier: RocketClassifier(num_kernels=1000)
------------------------------------------------
Summary Stats
------------------------------------------------
Mean Train time: 1.2315717220306397, Standard Deviation: 0.02790619539813007
Mean Accuracy: 0.9916666666666666, Standard Deviation: 0.012729376930432895
Mean Balanced Accuracy: 0.99125, Standard Deviation: 0.013462912017836262
Mean Precision: 0.993148148148148, Standard Deviation: 0.010469106685261114
Mean Recall: 0.9916666666666666, Standard Deviation: 0.012729376930432895
Mean F1 Score: 0.9915223665223666, Standard Deviation: 0.012951138924509885
Mean AUROC: 0.9952116935483872, Standard Deviation: 0.007315416607533664
Confusion Matrix:
 [[44  0  0  0  0  0  0  1]
 [ 0 45  0  0  0  0  0  0]
 [ 0  0 44  0  0  0  0  1]
 [ 0  0  0 45  0  0  0  0]
 [ 0  0  0  0 45  0  0  0]
 [ 0  0  0  0  0 45  0  0]
 [ 0  0  0  0  0  0 45  0]
 [ 0  0  1  0  0  0  0 44]]
------------------------------------------------
Fold Results
------------------------------------------------
Train time: [1.2106969356536865, 1.257091999053955, 1.2102463245391846, 1.2311384677886963, 1.2415289878845215, 1.255354642868042, 1.1654572486877441, 1.2375741004943848, 1.242633581161499, 1.2639949321746826]
Accuracy: [0.9722222222222222, 1.0, 1.0, 1.0, 0.9722222222222222, 1.0, 1.0, 1.0, 1.0, 0.9722222222222222]
Balanced Accuracy: [0.975, 1.0, 1.0, 1.0, 0.96875, 1.0, 1.0, 1.0, 1.0, 0.96875]
Precision: [0.9777777777777779, 1.0, 1.0, 1.0, 0.976851851851852, 1.0, 1.0, 1.0, 1.0, 0.976851851851852]
Recall: [0.9722222222222222, 1.0, 1.0, 1.0, 0.9722222222222222, 1.0, 1.0, 1.0, 1.0, 0.9722222222222222]
F1 Score: [0.9722222222222222, 1.0, 1.0, 1.0, 0.9715007215007216, 1.0, 1.0, 1.0, 1.0, 0.9715007215007216]
AUROC: [0.984375, 1.0, 1.0, 1.0, 0.9838709677419355, 1.0, 1.0, 1.0, 1.0, 0.9838709677419355]
------------------------------------------------
