Classifier Results
------------------------------------------------
Dataset: Harry_gym_movements_ay
Classifier: RocketClassifier(num_kernels=1000)
------------------------------------------------
Summary Stats
------------------------------------------------
Mean Train time: 0.4196291446685791, Standard Deviation: 0.01179992328554777
Mean Accuracy: 0.9805555555555555, Standard Deviation: 0.012729376930432895
Mean Balanced Accuracy: 0.9793749999999999, Standard Deviation: 0.01370732012466332
Mean Precision: 0.9840740740740742, Standard Deviation: 0.010433011867409785
Mean Recall: 0.9805555555555555, Standard Deviation: 0.012729376930432895
Mean F1 Score: 0.980222863556197, Standard Deviation: 0.012947949651833273
Mean AUROC: 0.9888608870967742, Standard Deviation: 0.007295246662167262
Confusion Matrix:
 [[42  0  2  0  1  0  0  0]
 [ 0 44  0  0  0  0  1  0]
 [ 1  0 44  0  0  0  0  0]
 [ 0  0  0 45  0  0  0  0]
 [ 0  0  0  0 45  0  0  0]
 [ 0  0  0  0  0 45  0  0]
 [ 0  0  1  0  0  0 44  0]
 [ 0  0  1  0  0  0  0 44]]
------------------------------------------------
Fold Results
------------------------------------------------
Train time: [0.4207913875579834, 0.44042301177978516, 0.4396333694458008, 0.41410160064697266, 0.4050941467285156, 0.4178047180175781, 0.406097412109375, 0.4256458282470703, 0.4161036014556885, 0.4105963706970215]
Accuracy: [0.9722222222222222, 0.9722222222222222, 0.9722222222222222, 1.0, 0.9722222222222222, 0.9722222222222222, 1.0, 0.9722222222222222, 0.9722222222222222, 1.0]
Balanced Accuracy: [0.975, 0.975, 0.96875, 1.0, 0.96875, 0.96875, 1.0, 0.96875, 0.96875, 1.0]
Precision: [0.976851851851852, 0.976851851851852, 0.976851851851852, 1.0, 0.976851851851852, 0.9777777777777779, 1.0, 0.9777777777777779, 0.9777777777777779, 1.0]
Recall: [0.9722222222222222, 0.9722222222222222, 0.9722222222222222, 1.0, 0.9722222222222222, 0.9722222222222222, 1.0, 0.9722222222222222, 0.9722222222222222, 1.0]
F1 Score: [0.9719416386083053, 0.9719416386083053, 0.9715007215007216, 1.0, 0.9715007215007216, 0.9717813051146386, 1.0, 0.9717813051146386, 0.9717813051146386, 1.0]
AUROC: [0.9838709677419355, 0.9838709677419355, 0.9838709677419355, 1.0, 0.9838709677419355, 0.984375, 1.0, 0.984375, 0.984375, 1.0]
------------------------------------------------
