Classifier Results
------------------------------------------------
Dataset: Harry_gym_movements_ax
Classifier: RocketClassifier(num_kernels=1000)
------------------------------------------------
Summary Stats
------------------------------------------------
Mean Train time: 0.4191335678100586, Standard Deviation: 0.012127168544960822
Mean Accuracy: 0.9527777777777777, Standard Deviation: 0.03055555555555557
Mean Balanced Accuracy: 0.9512499999999999, Standard Deviation: 0.03398069304767047
Mean Precision: 0.9598280423280423, Standard Deviation: 0.02695467645397447
Mean Recall: 0.9527777777777777, Standard Deviation: 0.03055555555555557
Mean F1 Score: 0.9524380711880711, Standard Deviation: 0.030623522859643964
Mean AUROC: 0.972983870967742, Standard Deviation: 0.017359795880346154
Confusion Matrix:
 [[39  0  4  0  1  0  0  1]
 [ 0 45  0  0  0  0  0  0]
 [ 3  0 41  0  0  0  0  1]
 [ 0  0  0 45  0  0  0  0]
 [ 0  0  0  0 43  1  1  0]
 [ 0  0  0  1  0 44  0  0]
 [ 1  0  0  0  0  0 43  1]
 [ 0  0  1  0  0  0  1 43]]
------------------------------------------------
Fold Results
------------------------------------------------
Train time: [0.42429471015930176, 0.40709590911865234, 0.441882848739624, 0.416456937789917, 0.4165205955505371, 0.3993041515350342, 0.4244704246520996, 0.4351065158843994, 0.4100992679595947, 0.4161043167114258]
Accuracy: [0.9166666666666666, 0.9722222222222222, 0.9722222222222222, 0.9722222222222222, 0.9444444444444444, 0.8888888888888888, 0.9444444444444444, 1.0, 0.9444444444444444, 0.9722222222222222]
Balanced Accuracy: [0.91875, 0.975, 0.975, 0.975, 0.94375, 0.875, 0.9375, 1.0, 0.94375, 0.96875]
Precision: [0.925925925925926, 0.976851851851852, 0.976851851851852, 0.9777777777777779, 0.9603174603174602, 0.9046296296296297, 0.9444444444444444, 1.0, 0.9546296296296296, 0.976851851851852]
Recall: [0.9166666666666666, 0.9722222222222222, 0.9722222222222222, 0.9722222222222222, 0.9444444444444444, 0.8888888888888888, 0.9444444444444444, 1.0, 0.9444444444444444, 0.9722222222222222]
F1 Score: [0.9122474747474748, 0.9719416386083053, 0.9719416386083053, 0.9722222222222222, 0.945546737213404, 0.8908128908128907, 0.9444444444444444, 1.0, 0.9437229437229436, 0.9715007215007216]
AUROC: [0.9521169354838711, 0.9838709677419355, 0.9838709677419355, 0.984375, 0.9677419354838711, 0.9369959677419355, 0.96875, 1.0, 0.9682459677419355, 0.9838709677419355]
------------------------------------------------
