Classifier Results
------------------------------------------------
Dataset: Harry_gym_movements_gyro
Classifier: RocketClassifier(num_kernels=1000)
------------------------------------------------
Summary Stats
------------------------------------------------
Mean Train time: 0.8828387022018432, Standard Deviation: 0.02334658655088459
Mean Accuracy: 0.9805555555555555, Standard Deviation: 0.017786456215091253
Mean Balanced Accuracy: 0.9800000000000001, Standard Deviation: 0.018285923547909748
Mean Precision: 0.9841666666666666, Standard Deviation: 0.014507518981406994
Mean Recall: 0.9805555555555555, Standard Deviation: 0.017786456215091253
Mean F1 Score: 0.980295013628347, Standard Deviation: 0.018022665040653228
Mean AUROC: 0.9889112903225807, Standard Deviation: 0.010155968588513042
Confusion Matrix:
 [[41  0  0  4  0  0  0  0]
 [ 0 45  0  0  0  0  0  0]
 [ 0  0 44  0  0  0  0  1]
 [ 0  0  0 45  0  0  0  0]
 [ 0  0  0  0 45  0  0  0]
 [ 0  0  0  0  0 45  0  0]
 [ 0  0  1  0  0  0 44  0]
 [ 0  0  1  0  0  0  0 44]]
------------------------------------------------
Fold Results
------------------------------------------------
Train time: [0.8402197360992432, 0.8994495868682861, 0.8964841365814209, 0.9122681617736816, 0.9067196846008301, 0.905970573425293, 0.8709900379180908, 0.8704290390014648, 0.8553981781005859, 0.8704578876495361]
Accuracy: [1.0, 0.9722222222222222, 0.9722222222222222, 1.0, 0.9444444444444444, 0.9722222222222222, 1.0, 0.9722222222222222, 1.0, 0.9722222222222222]
Balanced Accuracy: [1.0, 0.975, 0.975, 1.0, 0.94375, 0.96875, 1.0, 0.96875, 1.0, 0.96875]
Precision: [1.0, 0.9777777777777779, 0.9777777777777779, 1.0, 0.9546296296296296, 0.9777777777777779, 1.0, 0.976851851851852, 1.0, 0.976851851851852]
Recall: [1.0, 0.9722222222222222, 0.9722222222222222, 1.0, 0.9444444444444444, 0.9722222222222222, 1.0, 0.9722222222222222, 1.0, 0.9722222222222222]
F1 Score: [1.0, 0.9722222222222222, 0.9722222222222222, 1.0, 0.9437229437229439, 0.9717813051146386, 1.0, 0.9715007215007216, 1.0, 0.9715007215007216]
AUROC: [1.0, 0.984375, 0.984375, 1.0, 0.9682459677419355, 0.984375, 1.0, 0.9838709677419355, 1.0, 0.9838709677419355]
------------------------------------------------
