Classifier Results
------------------------------------------------
Dataset: Harry_gym_movements_accel
Classifier: RocketClassifier(num_kernels=1000)
------------------------------------------------
Summary Stats
------------------------------------------------
Mean Train time: 0.8660937547683716, Standard Deviation: 0.03225280564164399
Mean Accuracy: 0.9833333333333332, Standard Deviation: 0.013608276348795441
Mean Balanced Accuracy: 0.9824999999999999, Standard Deviation: 0.014469796128487785
Mean Precision: 0.9864814814814815, Standard Deviation: 0.011043001122870749
Mean Recall: 0.9833333333333332, Standard Deviation: 0.013608276348795441
Mean F1 Score: 0.9831008497675165, Standard Deviation: 0.013799119154992734
Mean AUROC: 0.9905241935483872, Standard Deviation: 0.007739152305511786
Confusion Matrix:
 [[43  0  1  0  0  0  0  1]
 [ 0 45  0  0  0  0  0  0]
 [ 2  0 43  0  0  0  0  0]
 [ 0  0  0 45  0  0  0  0]
 [ 0  0  0  0 45  0  0  0]
 [ 0  0  0  0  0 45  0  0]
 [ 0  0  0  0  0  0 45  0]
 [ 0  1  1  0  0  0  0 43]]
------------------------------------------------
Fold Results
------------------------------------------------
Train time: [0.8336713314056396, 0.9374270439147949, 0.8372342586517334, 0.890059232711792, 0.82344651222229, 0.8907372951507568, 0.8479645252227783, 0.860156774520874, 0.8660500049591064, 0.8741905689239502]
Accuracy: [0.9722222222222222, 1.0, 1.0, 1.0, 0.9722222222222222, 0.9722222222222222, 0.9722222222222222, 1.0, 0.9722222222222222, 0.9722222222222222]
Balanced Accuracy: [0.975, 1.0, 1.0, 1.0, 0.96875, 0.96875, 0.975, 1.0, 0.96875, 0.96875]
Precision: [0.9777777777777779, 1.0, 1.0, 1.0, 0.976851851851852, 0.9777777777777779, 0.976851851851852, 1.0, 0.9777777777777779, 0.9777777777777779]
Recall: [0.9722222222222222, 1.0, 1.0, 1.0, 0.9722222222222222, 0.9722222222222222, 0.9722222222222222, 1.0, 0.9722222222222222, 0.9722222222222222]
F1 Score: [0.9722222222222222, 1.0, 1.0, 1.0, 0.9715007215007216, 0.9717813051146386, 0.9719416386083053, 1.0, 0.9717813051146386, 0.9717813051146386]
AUROC: [0.984375, 1.0, 1.0, 1.0, 0.9838709677419355, 0.984375, 0.9838709677419355, 1.0, 0.984375, 0.984375]
------------------------------------------------
