Classifier Results
------------------------------------------------
Dataset: Harry_gym_movements_gz
Classifier: RocketClassifier(num_kernels=1000)
------------------------------------------------
Summary Stats
------------------------------------------------
Mean Train time: 0.4165217161178589, Standard Deviation: 0.007511082052280586
Mean Accuracy: 0.9638888888888888, Standard Deviation: 0.03055555555555557
Mean Balanced Accuracy: 0.9637499999999999, Standard Deviation: 0.031099638261561834
Mean Precision: 0.9713888888888889, Standard Deviation: 0.023615468007602752
Mean Recall: 0.9638888888888888, Standard Deviation: 0.03055555555555557
Mean F1 Score: 0.9628160573993908, Standard Deviation: 0.03192689406337567
Mean AUROC: 0.9794354838709678, Standard Deviation: 0.017303508904133326
Confusion Matrix:
 [[42  0  1  2  0  0  0  0]
 [ 0 45  0  0  0  0  0  0]
 [ 1  0 44  0  0  0  0  0]
 [ 0  0  0 45  0  0  0  0]
 [ 0  0  0  0 45  0  0  0]
 [ 1  0  0  0  0 44  0  0]
 [ 0  0  0  0  0  0 43  2]
 [ 0  1  1  0  0  0  4 39]]
------------------------------------------------
Fold Results
------------------------------------------------
Train time: [0.42110347747802734, 0.42737865447998047, 0.4171011447906494, 0.4207899570465088, 0.42009973526000977, 0.41810178756713867, 0.4216468334197998, 0.4035942554473877, 0.4123070240020752, 0.4030942916870117]
Accuracy: [0.9722222222222222, 0.9444444444444444, 1.0, 1.0, 0.9722222222222222, 0.9722222222222222, 0.9444444444444444, 0.9166666666666666, 0.9166666666666666, 1.0]
Balanced Accuracy: [0.975, 0.94375, 1.0, 1.0, 0.96875, 0.975, 0.94375, 0.9125, 0.91875, 1.0]
Precision: [0.9777777777777779, 0.9546296296296296, 1.0, 1.0, 0.976851851851852, 0.976851851851852, 0.9546296296296296, 0.9324074074074074, 0.9407407407407405, 1.0]
Recall: [0.9722222222222222, 0.9444444444444444, 1.0, 1.0, 0.9722222222222222, 0.9722222222222222, 0.9444444444444444, 0.9166666666666666, 0.9166666666666666, 1.0]
F1 Score: [0.9722222222222222, 0.9437229437229439, 1.0, 1.0, 0.9715007215007216, 0.9719416386083053, 0.9437229437229439, 0.9102132435465768, 0.914836860670194, 1.0]
AUROC: [0.984375, 0.9682459677419355, 1.0, 1.0, 0.9838709677419355, 0.9838709677419355, 0.9682459677419355, 0.9526209677419355, 0.953125, 1.0]
------------------------------------------------
