Classifier Results
------------------------------------------------
Dataset: Harry_gym_movements_az
Classifier: RocketClassifier(num_kernels=1000)
------------------------------------------------
Summary Stats
------------------------------------------------
Mean Train time: 0.4177130460739136, Standard Deviation: 0.015095904403763197
Mean Accuracy: 0.8138888888888889, Standard Deviation: 0.04312270748961118
Mean Balanced Accuracy: 0.8125, Standard Deviation: 0.04677071733467427
Mean Precision: 0.8167195767195766, Standard Deviation: 0.054825208471514446
Mean Recall: 0.8138888888888889, Standard Deviation: 0.04312270748961118
Mean F1 Score: 0.802778209444876, Standard Deviation: 0.047448619812046275
Mean AUROC: 0.8935987903225808, Standard Deviation: 0.02465686447935818
Confusion Matrix:
 [[17  4 12  6  1  0  0  5]
 [ 3 38  0  1  3  0  0  0]
 [ 5  0 36  2  0  1  0  1]
 [ 0  1  2 38  1  0  0  3]
 [ 2  3  1  0 39  0  0  0]
 [ 0  0  3  0  0 42  0  0]
 [ 0  0  1  0  0  0 43  1]
 [ 1  0  2  1  1  0  0 40]]
------------------------------------------------
Fold Results
------------------------------------------------
Train time: [0.4117875099182129, 0.41309666633605957, 0.4488399028778076, 0.4346036911010742, 0.4035937786102295, 0.42432260513305664, 0.39809560775756836, 0.41759657859802246, 0.42459750175476074, 0.40059661865234375]
Accuracy: [0.75, 0.8611111111111112, 0.8888888888888888, 0.8333333333333334, 0.8055555555555556, 0.8333333333333334, 0.7777777777777778, 0.75, 0.8055555555555556, 0.8333333333333334]
Balanced Accuracy: [0.7625, 0.875, 0.8875, 0.8375, 0.80625, 0.83125, 0.76875, 0.73125, 0.8, 0.825]
Precision: [0.699074074074074, 0.8351851851851851, 0.8921296296296296, 0.8541666666666666, 0.7806878306878308, 0.8779100529100529, 0.814021164021164, 0.7593915343915344, 0.8166666666666667, 0.837962962962963]
Recall: [0.75, 0.8611111111111112, 0.8888888888888888, 0.8333333333333334, 0.8055555555555556, 0.8333333333333334, 0.7777777777777778, 0.75, 0.8055555555555556, 0.8333333333333334]
F1 Score: [0.7140415140415141, 0.835698252364919, 0.8850809684143017, 0.8345198011864677, 0.7772767356100689, 0.8172238255571589, 0.7780383197049863, 0.7446488696488696, 0.808641975308642, 0.8326118326118327]
AUROC: [0.856350806451613, 0.9203629032258066, 0.9364919354838711, 0.9047379032258065, 0.888608870967742, 0.9047379032258065, 0.8724798387096775, 0.8578629032258065, 0.8896169354838711, 0.9047379032258066]
------------------------------------------------
