Classifier Results
------------------------------------------------
Dataset: Harry_gym_movements_gx
Classifier: RocketClassifier(num_kernels=1000)
------------------------------------------------
Summary Stats
------------------------------------------------
Mean Train time: 0.4197615385055542, Standard Deviation: 0.015023343608387614
Mean Accuracy: 0.9055555555555556, Standard Deviation: 0.04843221048378525
Mean Balanced Accuracy: 0.905, Standard Deviation: 0.04943429983321296
Mean Precision: 0.9220039682539681, Standard Deviation: 0.040086895432586735
Mean Recall: 0.9055555555555556, Standard Deviation: 0.04843221048378525
Mean F1 Score: 0.9045933541766875, Standard Deviation: 0.04914923535336419
Mean AUROC: 0.9462197580645162, Standard Deviation: 0.02784891117621246
Confusion Matrix:
 [[35  2  1  2  0  0  2  3]
 [ 1 41  0  1  0  1  0  1]
 [ 2  0 40  0  0  1  0  2]
 [ 0  0  0 45  0  0  0  0]
 [ 1  1  0  0 43  0  0  0]
 [ 0  0  3  0  1 41  0  0]
 [ 1  2  1  0  0  0 41  0]
 [ 2  0  1  0  0  0  2 40]]
------------------------------------------------
Fold Results
------------------------------------------------
Train time: [0.418825626373291, 0.42310070991516113, 0.4514896869659424, 0.43810391426086426, 0.401597261428833, 0.4089677333831787, 0.4030914306640625, 0.42767810821533203, 0.41066408157348633, 0.4140968322753906]
Accuracy: [0.8888888888888888, 0.9444444444444444, 0.8611111111111112, 0.9722222222222222, 0.8055555555555556, 0.8888888888888888, 0.9722222222222222, 0.9166666666666666, 0.9166666666666666, 0.8888888888888888]
Balanced Accuracy: [0.8875, 0.95, 0.86875, 0.975, 0.8, 0.88125, 0.96875, 0.9125, 0.9125, 0.89375]
Precision: [0.9037037037037037, 0.9555555555555555, 0.8837962962962962, 0.9777777777777779, 0.8408730158730159, 0.9120370370370371, 0.976851851851852, 0.9333333333333333, 0.9277777777777777, 0.9083333333333334]
Recall: [0.8888888888888888, 0.9444444444444444, 0.8611111111111112, 0.9722222222222222, 0.8055555555555556, 0.8888888888888888, 0.9722222222222222, 0.9166666666666666, 0.9166666666666666, 0.8888888888888888]
F1 Score: [0.8840287798621131, 0.9444444444444444, 0.856194885361552, 0.9722222222222222, 0.8052549302549301, 0.8901956068622735, 0.9715007215007216, 0.9193121693121693, 0.916225749559083, 0.8865540323873657]
AUROC: [0.9364919354838711, 0.96875, 0.9213709677419355, 0.984375, 0.8881048387096775, 0.9369959677419355, 0.9838709677419355, 0.953125, 0.953125, 0.9359879032258065]
------------------------------------------------
