Classifier Results
------------------------------------------------
Dataset: Harry_gym_movements_gy
Classifier: RocketClassifier(num_kernels=1000)
------------------------------------------------
Summary Stats
------------------------------------------------
Mean Train time: 0.42404699325561523, Standard Deviation: 0.01522143748707002
Mean Accuracy: 0.8166666666666668, Standard Deviation: 0.07049209744694179
Mean Balanced Accuracy: 0.8174999999999999, Standard Deviation: 0.07309026953021856
Mean Precision: 0.8394477513227512, Standard Deviation: 0.07455586721310638
Mean Recall: 0.8166666666666668, Standard Deviation: 0.07049209744694179
Mean F1 Score: 0.805482572982573, Standard Deviation: 0.06662189834858426
Mean AUROC: 0.8950100806451614, Standard Deviation: 0.040087552191338506
Confusion Matrix:
 [[16  4  9  5  5  2  0  4]
 [ 1 37  0  3  2  1  1  0]
 [ 0  0 42  0  3  0  0  0]
 [ 2  2  0 40  0  0  0  1]
 [ 4  2  0  1 37  1  0  0]
 [ 2  1  0  0  0 39  3  0]
 [ 0  0  1  0  0  0 44  0]
 [ 0  3  1  1  0  1  0 39]]
------------------------------------------------
Fold Results
------------------------------------------------
Train time: [0.40831851959228516, 0.41460132598876953, 0.45661354064941406, 0.4170987606048584, 0.4280979633331299, 0.4248380661010742, 0.4120922088623047, 0.42060017585754395, 0.4110982418060303, 0.4471111297607422]
Accuracy: [0.8333333333333334, 0.8888888888888888, 0.8611111111111112, 0.8333333333333334, 0.8333333333333334, 0.75, 0.8055555555555556, 0.8888888888888888, 0.6388888888888888, 0.8333333333333334]
Balanced Accuracy: [0.8375, 0.89375, 0.8687499999999999, 0.8374999999999999, 0.84375, 0.75, 0.80625, 0.88125, 0.6312500000000001, 0.825]
Precision: [0.8547619047619047, 0.9175925925925925, 0.8814814814814815, 0.8657407407407407, 0.8229166666666666, 0.7472222222222222, 0.8657407407407407, 0.9149470899470901, 0.662962962962963, 0.8611111111111112]
Recall: [0.8333333333333334, 0.8888888888888888, 0.8611111111111112, 0.8333333333333334, 0.8333333333333334, 0.75, 0.8055555555555556, 0.8888888888888888, 0.6388888888888888, 0.8333333333333334]
F1 Score: [0.8305776014109347, 0.877409010742344, 0.8468815135481802, 0.8240981240981241, 0.8131868131868133, 0.7409010742344075, 0.7990503323836657, 0.8697811447811448, 0.6380691839025173, 0.8148709315375982]
AUROC: [0.904233870967742, 0.9369959677419355, 0.9203629032258066, 0.9047379032258065, 0.9037298387096775, 0.8568548387096775, 0.8881048387096775, 0.9359879032258066, 0.7943548387096775, 0.9047379032258066]
------------------------------------------------
