Classifier Results
------------------------------------------------
Dataset: Harry_gym_movements_gy
Classifier: DecisionTreeClassifier()
------------------------------------------------
Train time: 0.006100893020629883
Accuracy: 0.24475524475524477
Balanced Accuracy: 0.24440993788819879
Precision: 0.2501368197020371
Recall: 0.24440993788819879
F1 Score: 0.24198815292271883
AUROC: 0.5593855728929961
Confusion Matrix:
 [[6 4 1 2 4 4 2]
 [2 4 4 3 1 2 4]
 [0 2 7 2 2 3 4]
 [2 5 2 4 5 2 0]
 [0 3 3 1 8 1 4]
 [1 4 3 6 1 1 4]
 [2 4 2 2 3 2 5]]
------------------------------------------------
