Classifier Results
------------------------------------------------
Dataset: Harry_gym_movements_ay
Classifier: DecisionTreeClassifier()
------------------------------------------------
Train time: 0.005973339080810547
Accuracy: 0.32926829268292684
Balanced Accuracy: 0.3179347826086957
Precision: 0.34286611946127776
Recall: 0.3179347826086957
F1 Score: 0.32503647653248935
AUROC: 0.6108567477507914
Confusion Matrix:
 [[ 8  2  4  0  3  1  3  2]
 [ 5  5  0  7  0  0  1  2]
 [ 5  1  8  3  3  0  1  2]
 [ 5  1  1  5  0  1  5  2]
 [ 1  5  1  4  8  0  1  0]
 [ 2  0  2  1  0 12  2  1]
 [ 6  2  2  3  1  1  8  0]
 [ 3  1  2  6  1  0  2  0]]
------------------------------------------------
