Classifier Results
------------------------------------------------
Dataset: Harry_gym_movements_gx
Classifier: DecisionTreeClassifier()
------------------------------------------------
Train time: 0.007938861846923828
Accuracy: 0.1732283464566929
Balanced Accuracy: 0.16733821733821735
Precision: 0.18168492277293694
Recall: 0.16733821733821735
F1 Score: 0.16779858855330554
AUROC: 0.514451489898698
Confusion Matrix:
 [[4 2 5 0 2 4 3]
 [3 4 2 1 8 1 1]
 [8 4 5 1 0 0 2]
 [3 5 3 1 3 1 2]
 [6 0 2 0 1 0 4]
 [6 1 3 4 0 3 1]
 [3 3 5 3 0 0 4]]
------------------------------------------------
