Classifier Results
------------------------------------------------
Dataset: Harry_gym_movements_gz
Classifier: DecisionTreeClassifier()
------------------------------------------------
Train time: 0.008093118667602539
Accuracy: 0.3804347826086957
Balanced Accuracy: 0.3804347826086957
Precision: 0.432356987697545
Recall: 0.3804347826086957
F1 Score: 0.39334171949424096
AUROC: 0.6459627329192547
Confusion Matrix:
 [[ 3  2  6  4  4  0  0  4]
 [ 1 11  1  1  2  2  1  4]
 [ 6  0 10  2  5  0  0  0]
 [ 6  2  1  9  5  0  0  0]
 [ 5  6  1  0  9  0  0  2]
 [ 7  1  5  0  0  9  1  0]
 [ 3  2  0  2  1  0  8  7]
 [ 3  2  0  1  0  0  6 11]]
------------------------------------------------
