Classifier Results
------------------------------------------------
Dataset: Harry_gym_movements_accel
Classifier: DecisionTreeClassifier()
------------------------------------------------
Train time: 0.0160064697265625
Accuracy: 0.43703703703703706
Balanced Accuracy: 0.43809523809523804
Precision: 0.47755332902391723
Recall: 0.43809523809523804
F1 Score: 0.4514072799787086
AUROC: 0.6719979296066253
Confusion Matrix:
 [[ 5  3  6  0  1  1  4]
 [ 2  7  0  1  1  1  8]
 [ 5  1  8  0  1  0  5]
 [ 1  5  0 11  0  1  2]
 [ 2  2  0  1  7  0  3]
 [ 0  4  0  0  1 13  2]
 [ 2  2  3  2  2  1  8]]
------------------------------------------------
