Classifier Results
------------------------------------------------
Dataset: Harry_gym_movements
Classifier: DecisionTreeClassifier()
------------------------------------------------
Train time: 0.024637937545776367
Accuracy: 0.5185185185185185
Balanced Accuracy: 0.5095238095238096
Precision: 0.5247401131965485
Recall: 0.5095238095238096
F1 Score: 0.5120984277551465
AUROC: 0.7147256728778467
Confusion Matrix:
 [[ 7  3  3  3  2  1  1]
 [ 0 11  0  1  3  1  4]
 [ 3  1 12  1  1  0  2]
 [ 0  2  0 14  3  0  1]
 [ 4  5  1  1  4  0  0]
 [ 1  1  0  2  1 13  2]
 [ 0  3  5  0  3  0  9]]
------------------------------------------------
