Classifier Results
------------------------------------------------
Dataset: Harry_gym_movements_gyro
Classifier: DecisionTreeClassifier()
------------------------------------------------
Train time: 0.027887821197509766
Accuracy: 0.45108695652173914
Balanced Accuracy: 0.45108695652173914
Precision: 0.4569276422673935
Recall: 0.45108695652173914
F1 Score: 0.4488397697731621
AUROC: 0.6863354037267081
Confusion Matrix:
 [[ 5  4  2  2  4  3  0  3]
 [ 1 13  3  1  0  1  1  3]
 [ 5  3 11  0  1  2  1  0]
 [ 4  2  0 12  4  0  1  0]
 [ 4  5  1  1  6  0  4  2]
 [ 3  0  3  0  0 17  0  0]
 [ 1  3  2  1  0  1  8  7]
 [ 2  1  1  0  1  2  5 11]]
------------------------------------------------
