Classifier Results
------------------------------------------------
Dataset: Harry_gym_movements_ax
Classifier: DecisionTreeClassifier()
------------------------------------------------
Train time: 0.008008241653442383
Accuracy: 0.3641304347826087
Balanced Accuracy: 0.3641304347826087
Precision: 0.37000938569872394
Recall: 0.3641304347826087
F1 Score: 0.36454513500703806
AUROC: 0.6366459627329193
Confusion Matrix:
 [[ 5  4  5  0  1  2  1  5]
 [ 2 10  0  2  2  1  1  5]
 [ 7  0  8  0  5  0  0  3]
 [ 0  4  1 12  2  3  0  1]
 [ 5  1  1  2  3  3  5  3]
 [ 5  0  1  2  0 12  3  0]
 [ 5  3  1  1  3  3  7  0]
 [ 3  2  3  2  1  1  1 10]]
------------------------------------------------
