Classifier Results
------------------------------------------------
Dataset: Harry_gym_movements_az
Classifier: DecisionTreeClassifier()
------------------------------------------------
Train time: 0.007996320724487305
Accuracy: 0.1956521739130435
Balanced Accuracy: 0.1956521739130435
Precision: 0.18303575953032475
Recall: 0.1956521739130435
F1 Score: 0.1874932272205008
AUROC: 0.5403726708074534
Confusion Matrix:
 [[ 4  5  1  2  1  2  3  5]
 [ 2  3  5  3  2  4  3  1]
 [ 3  2  0  2  7  1  6  2]
 [ 4  4  3  1  4  3  2  2]
 [ 1  4  1  3  5  0  5  4]
 [ 3  2  1  4  1  7  1  4]
 [ 2  1  1  3  2  2 10  2]
 [ 2  3  4  3  1  1  3  6]]
------------------------------------------------
