Classifier Results
------------------------------------------------
Dataset: gym movements accel
Classifier: Rocket
------------------------------------------------
Train time: 1.1988029479980469
Accuracy: 0.9782608695652174
Balanced Accuracy: 0.9782608695652174
Precision: 0.9786363636363636
Recall: 0.9782608695652174
F1 Score: 0.9781249999999999
AUROC: 0.9875776397515528
Confusion Matrix:
 [[21  0  1  0  0  0  0  1]
 [ 0 23  0  0  0  0  0  0]
 [ 1  0 21  0  0  0  0  1]
 [ 0  0  0 23  0  0  0  0]
 [ 0  0  0  0 23  0  0  0]
 [ 0  0  0  0  0 23  0  0]
 [ 0  0  0  0  0  0 23  0]
 [ 0  0  0  0  0  0  0 23]]
------------------------------------------------
