Classifier Results
------------------------------------------------
Dataset: gym movements gz
Classifier: Rocket
------------------------------------------------
Train time: 0.48311734199523926
Accuracy: 0.9456521739130435
Balanced Accuracy: 0.9456521739130435
Precision: 0.9470158464723683
Recall: 0.9456521739130435
F1 Score: 0.9455968289819221
AUROC: 0.9689440993788819
Confusion Matrix:
 [[20  0  0  0  0  3  0  0]
 [ 0 23  0  0  0  0  0  0]
 [ 1  0 22  0  0  0  0  0]
 [ 0  0  0 23  0  0  0  0]
 [ 0  0  0  0 23  0  0  0]
 [ 0  0  0  0  0 23  0  0]
 [ 0  0  0  0  0  0 20  3]
 [ 0  0  0  0  0  0  3 20]]
------------------------------------------------
