Classifier Results
------------------------------------------------
Dataset: gym movements gyro
Classifier: Rocket
------------------------------------------------
Train time: 1.2598326206207275
Accuracy: 0.9836956521739131
Balanced Accuracy: 0.9836956521739131
Precision: 0.9845652173913043
Recall: 0.9836956521739131
F1 Score: 0.9838013285024154
AUROC: 0.9906832298136646
Confusion Matrix:
 [[22  0  0  0  0  0  0  1]
 [ 0 23  0  0  0  0  0  0]
 [ 0  0 22  0  0  0  0  1]
 [ 1  0  0 22  0  0  0  0]
 [ 0  0  0  0 23  0  0  0]
 [ 0  0  0  0  0 23  0  0]
 [ 0  0  0  0  0  0 23  0]
 [ 0  0  0  0  0  0  0 23]]
------------------------------------------------
