Classifier Results
------------------------------------------------
Dataset: gym movements ay
Classifier: Rocket
------------------------------------------------
Train time: 0.4821157455444336
Accuracy: 0.967391304347826
Balanced Accuracy: 0.9673913043478262
Precision: 0.9684638278388278
Recall: 0.9673913043478262
F1 Score: 0.967086354206415
AUROC: 0.9813664596273292
Confusion Matrix:
 [[19  0  3  0  1  0  0  0]
 [ 0 23  0  0  0  0  0  0]
 [ 0  0 23  0  0  0  0  0]
 [ 0  0  0 23  0  0  0  0]
 [ 0  0  0  0 23  0  0  0]
 [ 0  0  0  0  0 23  0  0]
 [ 1  0  0  0  0  0 22  0]
 [ 1  0  0  0  0  0  0 22]]
------------------------------------------------
