Classifier Results
------------------------------------------------
Dataset: gym movements gy
Classifier: Rocket
------------------------------------------------
Train time: 0.49163103103637695
Accuracy: 0.7065217391304348
Balanced Accuracy: 0.7065217391304348
Precision: 0.7290715417380915
Recall: 0.7065217391304348
F1 Score: 0.7083597608207469
AUROC: 0.8322981366459627
Confusion Matrix:
 [[10  3  4  2  0  3  0  1]
 [ 4 15  0  1  0  0  1  2]
 [ 1  0 21  0  0  0  0  1]
 [ 2  3  0 17  0  0  0  1]
 [ 5  0  1  0 15  2  0  0]
 [ 0  1  0  0  0 13  9  0]
 [ 1  0  1  0  0  0 21  0]
 [ 4  1  0  0  0  0  0 18]]
------------------------------------------------
