Classifier Results
------------------------------------------------
Dataset: gym movements ax
Classifier: Rocket
------------------------------------------------
Train time: 0.4856245517730713
Accuracy: 0.875
Balanced Accuracy: 0.875
Precision: 0.8765117662128532
Recall: 0.875
F1 Score: 0.8706840272706126
AUROC: 0.9285714285714286
Confusion Matrix:
 [[13  0  3  0  4  1  1  1]
 [ 0 23  0  0  0  0  0  0]
 [ 1  0 21  0  0  0  0  1]
 [ 1  0  0 22  0  0  0  0]
 [ 0  0  0  4 19  0  0  0]
 [ 0  0  0  1  0 22  0  0]
 [ 0  1  0  0  1  0 21  0]
 [ 0  0  0  0  0  0  3 20]]
------------------------------------------------
