Classifier Results
------------------------------------------------
Dataset: gym movements gx
Classifier: Rocket
------------------------------------------------
Train time: 0.4801194667816162
Accuracy: 0.8043478260869565
Balanced Accuracy: 0.8043478260869565
Precision: 0.8187245576061365
Recall: 0.8043478260869565
F1 Score: 0.8070052919541801
AUROC: 0.8881987577639752
Confusion Matrix:
 [[15  1  1  1  2  0  1  2]
 [ 0 22  0  0  0  1  0  0]
 [ 3  0 19  0  0  0  0  1]
 [ 2  0  1 20  0  0  0  0]
 [ 0  3  0  0 20  0  0  0]
 [ 2  0  3  1  0 17  0  0]
 [ 2  1  1  0  0  0 19  0]
 [ 4  1  0  0  0  0  2 16]]
------------------------------------------------
