Classifier Results
------------------------------------------------
Dataset: gym movements
Classifier: Rocket
------------------------------------------------
Train time: 2.1700475215911865
Accuracy: 0.9891304347826086
Balanced Accuracy: 0.9891304347826086
Precision: 0.99
Recall: 0.9891304347826086
F1 Score: 0.9892361111111112
AUROC: 0.9937888198757764
Confusion Matrix:
 [[22  0  0  0  0  0  0  1]
 [ 0 23  0  0  0  0  0  0]
 [ 0  0 22  0  0  0  0  1]
 [ 0  0  0 23  0  0  0  0]
 [ 0  0  0  0 23  0  0  0]
 [ 0  0  0  0  0 23  0  0]
 [ 0  0  0  0  0  0 23  0]
 [ 0  0  0  0  0  0  0 23]]
------------------------------------------------
