Classifier Results
------------------------------------------------
Dataset: gym movements az
Classifier: Rocket
------------------------------------------------
Train time: 0.49312353134155273
Accuracy: 0.7663043478260869
Balanced Accuracy: 0.7663043478260869
Precision: 0.7735448612570854
Recall: 0.7663043478260869
F1 Score: 0.765065638968078
AUROC: 0.8664596273291926
Confusion Matrix:
 [[ 9  3  6  1  1  0  0  3]
 [ 2 20  0  0  1  0  0  0]
 [ 4  0 18  0  0  0  0  1]
 [ 0  0  3 16  1  0  0  3]
 [ 2  2  1  2 16  0  0  0]
 [ 0  0  1  0  0 22  0  0]
 [ 0  0  1  0  0  0 21  1]
 [ 1  0  1  2  0  0  0 19]]
------------------------------------------------
