Classifier Results
------------------------------------------------
Dataset: Harry_gym_movements_gy
Classifier: TimeSeriesForestClassifier()
------------------------------------------------
Train time: 1.3901162147521973
Accuracy: 0.4405594405594406
Balanced Accuracy: 0.44254658385093165
Precision: 0.44737438487438486
Recall: 0.44254658385093165
F1 Score: 0.4404847928339822
AUROC: 0.7922656920668586
Confusion Matrix:
 [[ 8  5  2  2  3  0  3]
 [ 1 11  3  0  1  3  1]
 [ 1  4  7  2  0  0  6]
 [ 2  3  0  9  3  3  0]
 [ 5  1  1  1  7  1  4]
 [ 1  2  1  3  2 10  1]
 [ 4  1  2  1  1  0 11]]
------------------------------------------------
