Classifier Results
------------------------------------------------
Dataset: Harry_gym_movements_az
Classifier: TimeSeriesForestClassifier()
------------------------------------------------
Train time: 1.1715364456176758
Accuracy: 0.4251968503937008
Balanced Accuracy: 0.41721611721611723
Precision: 0.47977911812498275
Recall: 0.41721611721611723
F1 Score: 0.42624711369003904
AUROC: 0.7829735339498559
Confusion Matrix:
 [[ 6  0  8  4  2  0  0]
 [ 2  9  4  3  0  0  2]
 [ 5  5  7  1  1  0  1]
 [ 3  4  2  8  1  0  0]
 [ 5  1  2  2  2  0  1]
 [ 0  5  2  2  0  8  1]
 [ 0  3  1  0  0  0 14]]
------------------------------------------------
