Classifier Results
------------------------------------------------
Dataset: Harry_gym_movements_gx
Classifier: TimeSeriesForestClassifier()
------------------------------------------------
Train time: 1.8947601318359375
Accuracy: 0.5054347826086957
Balanced Accuracy: 0.5054347826086956
Precision: 0.5369321559281134
Recall: 0.5054347826086956
F1 Score: 0.5035715313325477
AUROC: 0.8120949230353767
Confusion Matrix:
 [[ 9  4  2  1  1  3  3  0]
 [ 0 14  1  0  5  0  3  0]
 [ 3  4  9  2  3  1  1  0]
 [ 4  2  5  7  0  1  3  1]
 [ 0  8  3  0 10  0  1  1]
 [ 0  3  2  0  0 15  1  2]
 [ 1  3  0  0  1  0 17  1]
 [ 6  1  0  0  0  2  2 12]]
------------------------------------------------
