Classifier Results
------------------------------------------------
Dataset: Harry_gym_movements_ay
Classifier: TimeSeriesForestClassifier()
------------------------------------------------
Train time: 1.3643088340759277
Accuracy: 0.6829268292682927
Balanced Accuracy: 0.6842391304347826
Precision: 0.6924693544759334
Recall: 0.6842391304347826
F1 Score: 0.6820815087738081
AUROC: 0.9384603163354852
Confusion Matrix:
 [[13  1  3  3  1  0  2  0]
 [ 0 16  0  2  0  0  2  0]
 [ 2  0 20  0  1  0  0  0]
 [ 5  1  0  7  2  3  2  0]
 [ 1  0  8  0 11  0  0  0]
 [ 0  0  1  0  3 16  0  0]
 [ 2  2  0  1  0  0 17  1]
 [ 0  3  0  0  0  0  0 12]]
------------------------------------------------
