Classifier Results
------------------------------------------------
Dataset: Harry_gym_movements_ax
Classifier: TimeSeriesForestClassifier()
------------------------------------------------
Train time: 1.0781364440917969
Accuracy: 0.7007874015748031
Balanced Accuracy: 0.6959706959706959
Precision: 0.6998299319727891
Recall: 0.6959706959706959
F1 Score: 0.6957601832781172
AUROC: 0.9265108542224206
Confusion Matrix:
 [[10  1  6  0  3  0  0]
 [ 1 16  0  1  0  0  2]
 [ 5  1 14  0  0  0  0]
 [ 1  0  0 16  0  1  0]
 [ 3  1  0  0  7  2  0]
 [ 0  2  0  3  1 12  0]
 [ 0  0  0  1  3  0 14]]
------------------------------------------------
