Classifier Results
------------------------------------------------
Dataset: Harry_gym_movements_gz
Classifier: TimeSeriesForestClassifier()
------------------------------------------------
Train time: 0.9643678665161133
Accuracy: 0.8346456692913385
Balanced Accuracy: 0.8291819291819291
Precision: 0.8511248358992719
Recall: 0.8291819291819291
F1 Score: 0.8336001260813292
AUROC: 0.9771923810387778
Confusion Matrix:
 [[15  0  4  1  0  0  0]
 [ 1 17  0  0  0  0  2]
 [ 3  0 14  2  1  0  0]
 [ 1  0  0 17  0  0  0]
 [ 4  0  1  0  8  0  0]
 [ 0  0  0  0  0 17  1]
 [ 0  0  0  0  0  0 18]]
------------------------------------------------
