Classifier Results
------------------------------------------------
Dataset: Harry_gym_movements_gx
Classifier: TimeSeriesForestClassifier()
------------------------------------------------
Summary Stats
------------------------------------------------
Mean Train time: 3.7862860679626467, Standard Deviation: 0.03865726480671148
Mean Accuracy: 0.5361111111111111, Standard Deviation: 0.10689934113829921
Mean Balanced Accuracy: 0.533125, Standard Deviation: 0.11346977846545749
Mean Precision: 0.5675974025974027, Standard Deviation: 0.12965932029115296
Mean Recall: 0.5361111111111111, Standard Deviation: 0.10689934113829921
Mean F1 Score: 0.5277893479976814, Standard Deviation: 0.11432446586190269
Mean AUROC: 0.8685819892473118, Standard Deviation: 0.04606388816435554
Confusion Matrix:
 [[14  4  6  8  3  2  6  2]
 [ 1 27  1  1  9  0  5  1]
 [ 9  5 20  0  5  1  4  1]
 [ 3  4  3 19  4  4  6  2]
 [ 3 11  3  2 23  0  1  2]
 [ 1  3  4  0  0 35  0  2]
 [ 2  8  2  0  3  1 24  5]
 [ 3  1  1  0  0  5  4 31]]
------------------------------------------------
Fold Results
------------------------------------------------
Train time: [3.799452304840088, 3.7994182109832764, 3.7970964908599854, 3.855349540710449, 3.775493860244751, 3.7043840885162354, 3.7528364658355713, 3.764737129211426, 3.7921836376190186, 3.821908950805664]
Accuracy: [0.6111111111111112, 0.6944444444444444, 0.4722222222222222, 0.5277777777777778, 0.3611111111111111, 0.3611111111111111, 0.5, 0.6111111111111112, 0.6111111111111112, 0.6111111111111112]
Balanced Accuracy: [0.625, 0.7, 0.48125, 0.54375, 0.35, 0.34375, 0.46875, 0.6000000000000001, 0.6125, 0.60625]
Precision: [0.6513888888888889, 0.7521604938271604, 0.4097222222222222, 0.5548941798941799, 0.4097222222222222, 0.36889730639730645, 0.5251322751322751, 0.6404761904761904, 0.6351851851851852, 0.7283950617283951]
Recall: [0.6111111111111112, 0.6944444444444444, 0.4722222222222222, 0.5277777777777778, 0.3611111111111111, 0.3611111111111111, 0.5, 0.6111111111111112, 0.6111111111111112, 0.6111111111111112]
F1 Score: [0.6035708119041452, 0.6904761904761905, 0.4245230078563411, 0.502435064935065, 0.36306132139465475, 0.34546957671957673, 0.49056036556036553, 0.6144179894179894, 0.6097863556196891, 0.6335927960927962]
AUROC: [0.8851786514336918, 0.9166666666666666, 0.8826864919354839, 0.8739219310035842, 0.787774417562724, 0.776783714157706, 0.8574988799283154, 0.9035338261648747, 0.8981294802867382, 0.9036458333333334]
------------------------------------------------
