Classifier Results
------------------------------------------------
Dataset: Harry_gym_movements_gz
Classifier: TimeSeriesForestClassifier()
------------------------------------------------
Summary Stats
------------------------------------------------
Mean Train time: 2.781307411193848, Standard Deviation: 0.025707358733630985
Mean Accuracy: 0.788888888888889, Standard Deviation: 0.051520102752753934
Mean Balanced Accuracy: 0.7887500000000001, Standard Deviation: 0.05029599884682676
Mean Precision: 0.8109556878306879, Standard Deviation: 0.045575957925913284
Mean Recall: 0.788888888888889, Standard Deviation: 0.051520102752753934
Mean F1 Score: 0.7831542994042994, Standard Deviation: 0.05335214410320499
Mean AUROC: 0.9678595430107526, Standard Deviation: 0.01221578333448858
Confusion Matrix:
 [[28  0  9  4  4  0  0  0]
 [ 0 41  1  0  0  0  1  2]
 [11  0 29  1  3  1  0  0]
 [ 3  0  1 40  0  1  0  0]
 [ 3  0  1  0 41  0  0  0]
 [ 2  1  0  2  0 40  0  0]
 [ 0  3  0  0  0  1 37  4]
 [ 0  4  1  0  0  0 12 28]]
------------------------------------------------
Fold Results
------------------------------------------------
Train time: [2.803711414337158, 2.7815098762512207, 2.838144540786743, 2.758831739425659, 2.7456610202789307, 2.788830518722534, 2.768082618713379, 2.798053741455078, 2.7708122730255127, 2.7594363689422607]
Accuracy: [0.8333333333333334, 0.7777777777777778, 0.8333333333333334, 0.75, 0.8333333333333334, 0.8611111111111112, 0.7222222222222222, 0.8055555555555556, 0.7777777777777778, 0.6944444444444444]
Balanced Accuracy: [0.8375, 0.7875000000000001, 0.84375, 0.75, 0.83125, 0.85, 0.7125, 0.79375, 0.775, 0.70625]
Precision: [0.8603174603174604, 0.7958333333333333, 0.8330026455026456, 0.8071428571428572, 0.8756944444444444, 0.8564814814814814, 0.7361111111111112, 0.8212962962962964, 0.7819444444444444, 0.7417328042328042]
Recall: [0.8333333333333334, 0.7777777777777778, 0.8333333333333334, 0.75, 0.8333333333333334, 0.8611111111111112, 0.7222222222222222, 0.8055555555555556, 0.7777777777777778, 0.6944444444444444]
F1 Score: [0.8375220458553791, 0.778579445246112, 0.8248957832291165, 0.7420735129068462, 0.8278473070139738, 0.8564213564213564, 0.7138287638287638, 0.7970959595959596, 0.7672839506172839, 0.6859948693282026]
AUROC: [0.9730482750896058, 0.9719142025089604, 0.9722362231182795, 0.966299843189964, 0.9364779345878138, 0.9838149641577062, 0.9595934139784946, 0.9759044578853047, 0.9745743727598567, 0.9647317428315412]
------------------------------------------------
