Classifier Results
------------------------------------------------
Dataset: Harry_gym_movements_gy
Classifier: TimeSeriesForestClassifier()
------------------------------------------------
Summary Stats
------------------------------------------------
Mean Train time: 3.962724781036377, Standard Deviation: 0.06221479786385326
Mean Accuracy: 0.4916666666666667, Standard Deviation: 0.08150778195067342
Mean Balanced Accuracy: 0.4925, Standard Deviation: 0.0833291665624948
Mean Precision: 0.5301223544973546, Standard Deviation: 0.08815661547628334
Mean Recall: 0.4916666666666667, Standard Deviation: 0.08150778195067342
Mean F1 Score: 0.48838257421590753, Standard Deviation: 0.07797967187089494
Mean AUROC: 0.8350736447132616, Standard Deviation: 0.034446019646956
Confusion Matrix:
 [[ 8  5  6 10  5  5  5  1]
 [ 4 24  3  8  0  3  1  2]
 [ 2  6 27  2  2  1  5  0]
 [ 8  7  0 23  0  5  0  2]
 [ 5  3  6  4 22  2  3  0]
 [ 6  3  2  6  2 20  5  1]
 [ 3  6  5  3  2  1 23  2]
 [ 0  4  2  6  1  2  0 30]]
------------------------------------------------
Fold Results
------------------------------------------------
Train time: [4.063083171844482, 4.023115634918213, 3.8766984939575195, 3.9074344635009766, 4.016161680221558, 3.8836002349853516, 3.9622719287872314, 3.9125475883483887, 3.965885877609253, 4.016448736190796]
Accuracy: [0.3888888888888889, 0.6111111111111112, 0.5, 0.4444444444444444, 0.6111111111111112, 0.3611111111111111, 0.5277777777777778, 0.4722222222222222, 0.4444444444444444, 0.5555555555555556]
Balanced Accuracy: [0.4, 0.625, 0.5125, 0.44375, 0.60625, 0.35624999999999996, 0.525, 0.4625, 0.4375, 0.55625]
Precision: [0.36970899470899465, 0.6388888888888888, 0.5613756613756613, 0.5062830687830687, 0.6527777777777778, 0.3817460317460317, 0.5458333333333333, 0.5601851851851851, 0.5349537037037037, 0.5494708994708994]
Recall: [0.3888888888888889, 0.6111111111111112, 0.5, 0.4444444444444444, 0.6111111111111112, 0.3611111111111111, 0.5277777777777778, 0.4722222222222222, 0.4444444444444444, 0.5555555555555556]
F1 Score: [0.3681758056758057, 0.5998897707231041, 0.5036075036075036, 0.45015632515632514, 0.5987734487734487, 0.36304513387846726, 0.5198412698412699, 0.4844797178130512, 0.45824854158187495, 0.537608225108225]
AUROC: [0.8267389112903225, 0.8933831765232976, 0.8051355286738351, 0.8212225582437276, 0.8850946460573477, 0.7825100806451614, 0.8580029121863799, 0.7969870071684588, 0.8407678091397849, 0.8408938172043011]
------------------------------------------------
