Classifier Results
------------------------------------------------
Dataset: Harry_gym_movements_az
Classifier: TimeSeriesForestClassifier()
------------------------------------------------
Summary Stats
------------------------------------------------
Mean Train time: 3.97210431098938, Standard Deviation: 0.05570685710707451
Mean Accuracy: 0.47777777777777775, Standard Deviation: 0.06549903401417555
Mean Balanced Accuracy: 0.47562499999999996, Standard Deviation: 0.07051429376374693
Mean Precision: 0.5066931216931216, Standard Deviation: 0.08075943376197847
Mean Recall: 0.47777777777777775, Standard Deviation: 0.06549903401417555
Mean F1 Score: 0.473221192387859, Standard Deviation: 0.06913293460748605
Mean AUROC: 0.8293360775089607, Standard Deviation: 0.03120645161608121
Confusion Matrix:
 [[10  4 13  4  7  2  0  5]
 [ 4 13  3  5  9  3  7  1]
 [12  4 15  4  4  3  3  0]
 [ 4  1  4 19  8  3  3  3]
 [ 8  7  2  3 22  0  2  1]
 [ 1  0  3  2  5 28  6  0]
 [ 0  3  1  0  0  1 40  0]
 [ 4  1  1  8  4  1  1 25]]
------------------------------------------------
Fold Results
------------------------------------------------
Train time: [4.02404522895813, 3.9700746536254883, 3.8900601863861084, 4.014178037643433, 3.879117012023926, 3.949092149734497, 4.038648843765259, 3.9570465087890625, 4.046871662139893, 3.951908826828003]
Accuracy: [0.4166666666666667, 0.5277777777777778, 0.6111111111111112, 0.4166666666666667, 0.4722222222222222, 0.5555555555555556, 0.4722222222222222, 0.3888888888888889, 0.4722222222222222, 0.4444444444444444]
Balanced Accuracy: [0.41250000000000003, 0.525, 0.61875, 0.40625000000000006, 0.46875, 0.5625, 0.475, 0.38125000000000003, 0.46875, 0.4375]
Precision: [0.449074074074074, 0.5659722222222222, 0.6613756613756614, 0.40509259259259256, 0.48244047619047614, 0.5782407407407407, 0.537037037037037, 0.39259259259259255, 0.544047619047619, 0.45105820105820105]
Recall: [0.4166666666666667, 0.5277777777777778, 0.6111111111111112, 0.4166666666666667, 0.4722222222222222, 0.5555555555555556, 0.4722222222222222, 0.3888888888888889, 0.4722222222222222, 0.4444444444444444]
F1 Score: [0.41868686868686866, 0.5327092660425994, 0.6171516754850087, 0.4042531542531542, 0.45670533170533173, 0.5462962962962963, 0.48595679012345677, 0.3828703703703704, 0.4520903479236813, 0.43549182299182293]
AUROC: [0.8180023521505375, 0.8501204077060931, 0.802713373655914, 0.777623767921147, 0.7958809363799283, 0.8855146729390682, 0.8438480062724015, 0.8144041218637992, 0.8518145161290323, 0.8534386200716846]
------------------------------------------------
