Classifier Results
------------------------------------------------
Dataset: Harry_gym_movements_ay
Classifier: TimeSeriesForestClassifier()
------------------------------------------------
Summary Stats
------------------------------------------------
Mean Train time: 3.185772752761841, Standard Deviation: 0.1350543695344164
Mean Accuracy: 0.7277777777777777, Standard Deviation: 0.05800170282728086
Mean Balanced Accuracy: 0.7275, Standard Deviation: 0.05688530126491378
Mean Precision: 0.7711477873977874, Standard Deviation: 0.04664973810438764
Mean Recall: 0.7277777777777777, Standard Deviation: 0.05800170282728086
Mean F1 Score: 0.7269974855391522, Standard Deviation: 0.05086633832597812
Mean AUROC: 0.954544690860215, Standard Deviation: 0.013982282373755154
Confusion Matrix:
 [[26  0  9  5  2  0  3  0]
 [ 0 33  0  2  0  0  7  3]
 [ 8  0 35  0  2  0  0  0]
 [ 2  4  0 30  0  4  5  0]
 [ 1  0  4  2 38  0  0  0]
 [ 1  0  2  0  0 42  0  0]
 [ 5  5  0  5  0  0 29  1]
 [ 1  6  0  4  0  0  5 29]]
------------------------------------------------
Fold Results
------------------------------------------------
Train time: [3.129746437072754, 3.1169350147247314, 3.1833877563476562, 3.1840946674346924, 3.116499423980713, 3.1395020484924316, 3.1491923332214355, 3.160609722137451, 3.095245122909546, 3.582515001296997]
Accuracy: [0.7777777777777778, 0.6666666666666666, 0.75, 0.8333333333333334, 0.75, 0.6944444444444444, 0.7777777777777778, 0.6388888888888888, 0.7222222222222222, 0.6666666666666666]
Balanced Accuracy: [0.78125, 0.675, 0.75, 0.83125, 0.75, 0.6875, 0.775, 0.6375, 0.7125, 0.675]
Precision: [0.7842592592592593, 0.6944444444444444, 0.7731481481481483, 0.8564814814814814, 0.7763888888888889, 0.7214285714285714, 0.8148148148148149, 0.7182539682539681, 0.8057239057239056, 0.7665343915343915]
Recall: [0.7777777777777778, 0.6666666666666666, 0.75, 0.8333333333333334, 0.75, 0.6944444444444444, 0.7777777777777778, 0.6388888888888888, 0.7222222222222222, 0.6666666666666666]
F1 Score: [0.7764951098284433, 0.6672659130992464, 0.7457251082251082, 0.8068181818181819, 0.7432900432900433, 0.6952160493827161, 0.7806260097926765, 0.6594316177649512, 0.7341820987654322, 0.6609247234247234]
AUROC: [0.9613855286738351, 0.9489947356630825, 0.9686939964157707, 0.9712281586021506, 0.9515008960573476, 0.925823252688172, 0.9723482302867382, 0.9524109543010754, 0.9541050627240142, 0.938956093189964]
------------------------------------------------
