Classifier Results
------------------------------------------------
Dataset: Harry_gym_movements_ax
Classifier: TimeSeriesForestClassifier()
------------------------------------------------
Summary Stats
------------------------------------------------
Mean Train time: 3.364889311790466, Standard Deviation: 0.053181740794097675
Mean Accuracy: 0.6972222222222222, Standard Deviation: 0.06142595663193329
Mean Balanced Accuracy: 0.7012499999999999, Standard Deviation: 0.06006506888366981
Mean Precision: 0.7309016754850088, Standard Deviation: 0.06243283159478415
Mean Recall: 0.6972222222222222, Standard Deviation: 0.06142595663193329
Mean F1 Score: 0.6911368415535082, Standard Deviation: 0.0614116419988173
Mean AUROC: 0.9294452844982078, Standard Deviation: 0.021589643259579374
Confusion Matrix:
 [[16  1 12  0 13  0  0  3]
 [ 1 30  0  3  4  2  3  2]
 [ 8  0 34  0  2  0  0  1]
 [ 0  1  0 39  1  3  0  1]
 [ 7  2  2  0 32  1  1  0]
 [ 2  3  0  3  4 32  0  1]
 [ 0  3  0  3  5  2 30  2]
 [ 1  1  1  0  2  1  1 38]]
------------------------------------------------
Fold Results
------------------------------------------------
Train time: [3.514892578125, 3.3479270935058594, 3.3550076484680176, 3.386463165283203, 3.3299570083618164, 3.3406739234924316, 3.3579909801483154, 3.316236734390259, 3.3384954929351807, 3.36124849319458]
Accuracy: [0.6666666666666666, 0.6388888888888888, 0.8055555555555556, 0.7222222222222222, 0.6666666666666666, 0.5833333333333334, 0.75, 0.75, 0.6666666666666666, 0.7222222222222222]
Balanced Accuracy: [0.675, 0.65625, 0.8125, 0.7312500000000001, 0.6875, 0.58125, 0.75, 0.7375, 0.6625000000000001, 0.71875]
Precision: [0.7069444444444444, 0.6444444444444444, 0.8053240740740741, 0.7708333333333334, 0.6853395061728396, 0.6329365079365079, 0.7867063492063492, 0.8127314814814814, 0.6978835978835979, 0.7658730158730158]
Recall: [0.6666666666666666, 0.6388888888888888, 0.8055555555555556, 0.7222222222222222, 0.6666666666666666, 0.5833333333333334, 0.75, 0.75, 0.6666666666666666, 0.7222222222222222]
F1 Score: [0.6712762546095878, 0.6185465768799102, 0.7846875346875346, 0.7358185024851691, 0.647310405643739, 0.5837241462241463, 0.7498677248677248, 0.7387339512339512, 0.6580788039121371, 0.7233245149911816]
AUROC: [0.9474826388888888, 0.9005516353046595, 0.9625476030465951, 0.923289090501792, 0.9449344758064515, 0.9099882392473118, 0.9426243279569894, 0.9033518145161289, 0.9509828629032258, 0.908700156810036]
------------------------------------------------
