Classifier Results
------------------------------------------------
Dataset: Harry_gym_movements_gyro
Classifier: AdaBoostClassifier()
------------------------------------------------
Train time: 0.2140364646911621
Accuracy: 0.16847826086956522
Balanced Accuracy: 0.16847826086956522
Precision: 0.11610711430855314
Recall: 0.16847826086956522
F1 Score: 0.0962315599497803
AUROC: 0.5623143397245476
Confusion Matrix:
 [[ 0  0  6  0  0  0 17  0]
 [ 0  0  6  0  0  0 17  0]
 [ 0  0  4  1  0  0 18  0]
 [ 0  0 10  6  0  0  7  0]
 [ 0  0  7  0  0  0 16  0]
 [ 0  0  0  2  0  0 21  0]
 [ 0  0  2  0  0  0 21  0]
 [ 0  0  1  0  0  0 22  0]]
------------------------------------------------
