Classifier Results
------------------------------------------------
Dataset: Harry_gym_movements_az
Classifier: AdaBoostClassifier()
------------------------------------------------
Train time: 0.08005475997924805
Accuracy: 0.17482517482517482
Balanced Accuracy: 0.1767080745341615
Precision: 0.1200224292615597
Recall: 0.1767080745341615
F1 Score: 0.1277147442161122
AUROC: 0.5146278341665403
Confusion Matrix:
 [[ 2  0  6  5  0  2  8]
 [ 1  0  7  3  1  2  6]
 [ 3  0  6  3  0  4  4]
 [ 3  0  5  3  1  2  6]
 [ 0  1  6  3  0  0 10]
 [ 0  1 12  5  0  1  1]
 [ 0  1  3  1  1  1 13]]
------------------------------------------------
