Classifier Results
------------------------------------------------
Dataset: Harry_gym_movements_ay
Classifier: AdaBoostClassifier()
------------------------------------------------
Train time: 0.09740138053894043
Accuracy: 0.14960629921259844
Balanced Accuracy: 0.1357142857142857
Precision: 0.025132275132275134
Recall: 0.1357142857142857
F1 Score: 0.042410714285714295
AUROC: 0.5428906317209182
Confusion Matrix:
 [[ 0 17  2  0  0  1  0]
 [ 0 19  0  0  0  1  0]
 [ 0 19  0  0  0  1  0]
 [ 0 13  3  0  0  2  0]
 [ 0 13  0  0  0  0  0]
 [ 0 10  8  0  0  0  0]
 [ 0 17  0  0  0  1  0]]
------------------------------------------------
