Classifier Results
------------------------------------------------
Dataset: Harry_gym_movements_accel
Classifier: AdaBoostClassifier()
------------------------------------------------
Train time: 0.15729546546936035
Accuracy: 0.1968503937007874
Balanced Accuracy: 0.18253968253968253
Precision: 0.16578700445695518
Recall: 0.18253968253968253
F1 Score: 0.13985584308164953
AUROC: 0.6074807740809537
Confusion Matrix:
 [[10  6  2  1  0  1  0]
 [ 6 10  0  3  0  1  0]
 [17  3  0  0  0  0  0]
 [ 5 11  1  1  0  0  0]
 [ 6  7  0  0  0  0  0]
 [ 5  2  5  2  0  4  0]
 [ 9  3  1  5  0  0  0]]
------------------------------------------------
