Classifier Results
------------------------------------------------
Dataset: Harry_gym_movements_gz
Classifier: AdaBoostClassifier()
------------------------------------------------
Train time: 0.08842825889587402
Accuracy: 0.17482517482517482
Balanced Accuracy: 0.17857142857142858
Precision: 0.05106042416966787
Recall: 0.17857142857142858
F1 Score: 0.07517460317460319
AUROC: 0.5545106801999696
Confusion Matrix:
 [[ 0  0  6  0  0 17  0]
 [ 0  0  4  0  0 16  0]
 [ 0  0  6  1  0 13  0]
 [ 0  0 11  0  0  9  0]
 [ 0  0  5  1  0 14  0]
 [ 0  0  0  1  0 19  0]
 [ 0  0  2  1  0 17  0]]
------------------------------------------------
