Classifier Results
------------------------------------------------
Dataset: Harry_gym_movements
Classifier: AdaBoostClassifier()
------------------------------------------------
Train time: 0.3307056427001953
Accuracy: 0.16783216783216784
Balanced Accuracy: 0.17142857142857146
Precision: 0.1326025459688826
Recall: 0.17142857142857146
F1 Score: 0.0912042502951594
AUROC: 0.5702330454981568
Confusion Matrix:
 [[ 0 15  0  2  6  0  0]
 [ 0 18  0  0  1  1  0]
 [ 0 15  0  3  2  0  0]
 [ 0 13  0  3  4  0  0]
 [ 0 18  0  0  2  0  0]
 [ 0  5  0 12  2  1  0]
 [ 0 17  0  0  3  0  0]]
------------------------------------------------
