Classifier Results
------------------------------------------------
Dataset: Harry_gym_movements_ax
Classifier: AdaBoostClassifier()
------------------------------------------------
Train time: 0.08750462532043457
Accuracy: 0.21481481481481482
Balanced Accuracy: 0.20714285714285716
Precision: 0.19593971191715553
Recall: 0.20714285714285716
F1 Score: 0.17694391209314422
AUROC: 0.6535403726708074
Confusion Matrix:
 [[ 8  4  2  1  0  3  2]
 [ 1 10  1  3  0  1  4]
 [14  0  2  1  2  0  1]
 [ 4 10  1  2  0  3  0]
 [ 4  3  1  0  0  4  3]
 [ 4 10  0  0  0  5  1]
 [ 3 11  0  1  0  3  2]]
------------------------------------------------
