Classifier Results
------------------------------------------------
Dataset: Harry_gym_movements_gy
Classifier: AdaBoostClassifier()
------------------------------------------------
Train time: 0.0863332748413086
Accuracy: 0.07926829268292683
Balanced Accuracy: 0.0763586956521739
Precision: 0.05606279705855977
Recall: 0.0763586956521739
F1 Score: 0.05973636697803148
AUROC: 0.47903472027128124
Confusion Matrix:
 [[ 5  3  1  8  2  0  1  3]
 [ 6  5  2  1  0  0  4  2]
 [ 5  7  1  6  1  0  3  0]
 [ 5  5  1  2  1  0  4  2]
 [10  2  1  4  0  0  3  0]
 [11  0  1  1  2  0  2  3]
 [11  3  1  3  2  0  0  3]
 [ 6  3  1  2  0  0  3  0]]
------------------------------------------------
