Classifier Results
------------------------------------------------
Dataset: Harry_gym_movements_gx
Classifier: AdaBoostClassifier()
------------------------------------------------
Train time: 0.08160924911499023
Accuracy: 0.14173228346456693
Balanced Accuracy: 0.1347985347985348
Precision: 0.06439393939393938
Recall: 0.1347985347985348
F1 Score: 0.07445200302343159
AUROC: 0.5451215443827032
Confusion Matrix:
 [[ 0 14  0  0  1  5  0]
 [ 2 14  0  0  2  2  0]
 [ 4 11  0  0  2  3  0]
 [ 2 12  0  0  1  3  0]
 [ 2  8  0  0  1  2  0]
 [ 2 12  0  0  1  3  0]
 [ 1 17  0  0  0  0  0]]
------------------------------------------------
