Classifier Results
------------------------------------------------
Dataset: gym movements gy
Classifier: Time Series Forest
------------------------------------------------
Train time: 2.3196213245391846
Accuracy: 0.34782608695652173
Balanced Accuracy: 0.34782608695652173
Precision: 0.36074981619336455
Recall: 0.34782608695652173
F1 Score: 0.34963139642319396
AUROC: 0.7601606805293006
Confusion Matrix:
 [[ 5  3  3  4  3  2  3  0]
 [ 0  6  5  5  2  3  1  1]
 [ 2  7  7  1  1  0  5  0]
 [ 1  1  0 14  2  2  0  3]
 [ 4  5  3  1  6  1  3  0]
 [ 2  4  3  1  3  5  4  1]
 [ 3  2  4  0  2  3  9  0]
 [ 1  3  3  1  1  1  1 12]]
------------------------------------------------
