Classifier Results
------------------------------------------------
Dataset: gym movements ax
Classifier: Time Series Forest
------------------------------------------------
Train time: 2.0635502338409424
Accuracy: 0.6141304347826086
Balanced Accuracy: 0.6141304347826086
Precision: 0.602792923987777
Recall: 0.6141304347826086
F1 Score: 0.603609479798466
AUROC: 0.9129253308128544
Confusion Matrix:
 [[ 5  2  6  0  7  0  0  3]
 [ 0 12  0  1  0  2  5  3]
 [ 4  1 16  0  0  0  0  2]
 [ 0  0  0 20  1  2  0  0]
 [ 5  1  1  1 11  3  1  0]
 [ 1  0  0  3  1 15  2  1]
 [ 0  0  0  3  3  0 16  1]
 [ 1  1  1  0  1  0  1 18]]
------------------------------------------------
