Classifier Results
------------------------------------------------
Dataset: gym movements gx
Classifier: Time Series Forest
------------------------------------------------
Train time: 2.290107250213623
Accuracy: 0.5108695652173914
Balanced Accuracy: 0.5108695652173914
Precision: 0.5374654155941607
Recall: 0.5108695652173914
F1 Score: 0.5093788246009773
AUROC: 0.8126856602754523
Confusion Matrix:
 [[10  2  2  1  3  1  3  1]
 [ 0 14  0  0  5  0  4  0]
 [ 3  5  9  1  3  1  1  0]
 [ 4  2  4  7  1  1  3  1]
 [ 1  6  3  1 11  0  0  1]
 [ 0  3  1  0  0 15  2  2]
 [ 2  4  0  0  1  0 16  0]
 [ 4  1  0  1  0  3  2 12]]
------------------------------------------------
