Classifier Results
------------------------------------------------
Dataset: gym movements gz
Classifier: Time Series Forest
------------------------------------------------
Train time: 1.874986171722412
Accuracy: 0.7608695652173914
Balanced Accuracy: 0.7608695652173914
Precision: 0.7790056775856214
Recall: 0.7608695652173914
F1 Score: 0.7603120822049374
AUROC: 0.9661591952470969
Confusion Matrix:
 [[14  0  8  0  1  0  0  0]
 [ 0 20  1  0  0  0  2  0]
 [ 4  0 16  1  2  0  0  0]
 [ 2  0  0 21  0  0  0  0]
 [ 3  0  3  0 17  0  0  0]
 [ 0  0  0  0  2 21  0  0]
 [ 0  1  0  0  0  0 20  2]
 [ 0  3  0  0  0  0  9 11]]
------------------------------------------------
