Classifier Results
------------------------------------------------
Dataset: gym movements
Classifier: Time Series Forest
------------------------------------------------
Train time: 14.395437717437744
Accuracy: 0.875
Balanced Accuracy: 0.875
Precision: 0.8872538986354777
Recall: 0.875
F1 Score: 0.8755069262995958
AUROC: 0.9888435052660005
Confusion Matrix:
 [[16  0  6  0  0  0  0  1]
 [ 0 22  0  0  0  0  1  0]
 [ 3  0 20  0  0  0  0  0]
 [ 0  0  0 23  0  0  0  0]
 [ 0  0  4  0 19  0  0  0]
 [ 0  0  0  0  1 22  0  0]
 [ 0  1  0  0  0  0 22  0]
 [ 0  4  0  0  0  0  2 17]]
------------------------------------------------
