Classifier Results
------------------------------------------------
Dataset: gym movements gyro
Classifier: Time Series Forest
------------------------------------------------
Train time: 7.158411741256714
Accuracy: 0.8097826086956522
Balanced Accuracy: 0.8097826086956522
Precision: 0.827222797331493
Recall: 0.8097826086956522
F1 Score: 0.8094481816157008
AUROC: 0.9658722657304888
Confusion Matrix:
 [[19  0  3  0  1  0  0  0]
 [ 0 21  0  0  1  0  1  0]
 [ 5  1 15  1  1  0  0  0]
 [ 2  0  1 20  0  0  0  0]
 [ 1  1  4  0 17  0  0  0]
 [ 0  0  0  0  1 22  0  0]
 [ 0  2  0  0  0  0 21  0]
 [ 0  3  0  0  0  0  6 14]]
------------------------------------------------
