Classifier Results
------------------------------------------------
Dataset: gym movements ay
Classifier: Time Series Forest
------------------------------------------------
Train time: 2.0035271644592285
Accuracy: 0.6847826086956522
Balanced Accuracy: 0.6847826086956521
Precision: 0.7021069403306246
Recall: 0.6847826086956521
F1 Score: 0.6834353811264449
AUROC: 0.9370949230353767
Confusion Matrix:
 [[11  1  4  3  1  1  2  0]
 [ 1 19  0  1  0  0  2  0]
 [ 2  0 20  0  1  0  0  0]
 [ 2  0  0 16  2  2  1  0]
 [ 1  0 10  0 12  0  0  0]
 [ 0  0  1  0  3 19  0  0]
 [ 3  1  0  3  0  0 15  1]
 [ 0  4  0  4  0  0  1 14]]
------------------------------------------------
