Classifier Results
------------------------------------------------
Dataset: gym movements az
Classifier: Time Series Forest
------------------------------------------------
Train time: 2.356602191925049
Accuracy: 0.45108695652173914
Balanced Accuracy: 0.45108695652173914
Precision: 0.4648131983106407
Recall: 0.45108695652173914
F1 Score: 0.4485441648158222
AUROC: 0.8091749932487172
Confusion Matrix:
 [[ 5  1  6  5  5  0  0  1]
 [ 2  8  2  3  1  3  3  1]
 [ 7  4  7  2  1  0  2  0]
 [ 3  0  2  8  5  3  1  1]
 [ 4  2  2  3 10  1  1  0]
 [ 0  0  2  1  0 14  6  0]
 [ 1  1  0  0  0  1 20  0]
 [ 4  1  1  3  1  1  1 11]]
------------------------------------------------
