Classifier Results
------------------------------------------------
Dataset: gym movements accel
Classifier: Time Series Forest
------------------------------------------------
Train time: 7.092804908752441
Accuracy: 0.8206521739130435
Balanced Accuracy: 0.8206521739130435
Precision: 0.8257334117032393
Recall: 0.8206521739130435
F1 Score: 0.8168347038832761
AUROC: 0.9742776127464218
Confusion Matrix:
 [[11  0  5  0  4  0  1  2]
 [ 0 19  0  0  0  0  2  2]
 [ 2  0 20  0  1  0  0  0]
 [ 0  0  0 21  1  1  0  0]
 [ 2  0  4  0 17  0  0  0]
 [ 0  0  0  1  1 21  0  0]
 [ 0  0  0  2  0  0 21  0]
 [ 0  0  0  1  0  0  1 21]]
------------------------------------------------
