Classifier Results
------------------------------------------------
Dataset: gym movements gyro
Classifier: Decision Tree
------------------------------------------------
Summary Stats
------------------------------------------------
Mean Train time: 0.04301652908325195, Standard Deviation: 0.0015771793690432332
Mean Accuracy: 0.4722222222222222, Standard Deviation: 0.07657804862272345
Mean Balanced Accuracy: 0.46875, Standard Deviation: 0.0784617741323761
Mean Precision: 0.4817504409171076, Standard Deviation: 0.09933326320066017
Mean Recall: 0.4722222222222222, Standard Deviation: 0.07657804862272345
Mean F1 Score: 0.4589058472391806, Standard Deviation: 0.0848885490053692
Mean AUROC: 0.6988911290322581, Standard Deviation: 0.04349900594059569
Confusion Matrix:
 [[ 9  6  8  4  5  4  4  5]
 [ 6 24  4  1  2  0  3  5]
 [10  4 21  0  5  1  0  4]
 [ 6  1  2 27  2  1  0  6]
 [ 6  3  4  0 29  0  1  2]
 [ 2  2  3  1  1 30  1  5]
 [ 5  7  1  1  1  1 17 12]
 [ 2  7  5  3  1  4 10 13]]
------------------------------------------------
Fold Results
------------------------------------------------
Train time: [0.04300808906555176, 0.04300737380981445, 0.04150724411010742, 0.04509878158569336, 0.043506622314453125, 0.046507835388183594, 0.04250693321228027, 0.042006731033325195, 0.04150748252868652, 0.04150819778442383]
Accuracy: [0.5277777777777778, 0.6388888888888888, 0.5, 0.3888888888888889, 0.4444444444444444, 0.3611111111111111, 0.4166666666666667, 0.4444444444444444, 0.4722222222222222, 0.5277777777777778]
Balanced Accuracy: [0.53125, 0.64375, 0.50625, 0.39375, 0.4375, 0.3625, 0.40625, 0.4375, 0.45, 0.51875]
Precision: [0.6010802469135803, 0.6798941798941799, 0.4497685185185185, 0.4027777777777778, 0.4809413580246914, 0.31203703703703706, 0.4050925925925926, 0.4530423280423281, 0.5157407407407407, 0.5171296296296296]
Recall: [0.5277777777777778, 0.6388888888888888, 0.5, 0.3888888888888889, 0.4444444444444444, 0.3611111111111111, 0.4166666666666667, 0.4444444444444444, 0.4722222222222222, 0.5277777777777778]
F1 Score: [0.5363224738224738, 0.6366943241943243, 0.4608719983719983, 0.36093304843304846, 0.44056946140279474, 0.3259734093067427, 0.4079685746352413, 0.4265572390572391, 0.48301066217732885, 0.5101572809906143]
AUROC: [0.7318548387096775, 0.7938508064516129, 0.7142137096774195, 0.6527217741935484, 0.6799395161290323, 0.6365927419354839, 0.6668346774193549, 0.6829637096774194, 0.7006048387096775, 0.7293346774193549]
------------------------------------------------
