Classifier Results
------------------------------------------------
Dataset: gym movements az
Classifier: Decision Tree
------------------------------------------------
Summary Stats
------------------------------------------------
Mean Train time: 0.017952990531921387, Standard Deviation: 0.0006105767338554622
Mean Accuracy: 0.25555555555555554, Standard Deviation: 0.06309898162000305
Mean Balanced Accuracy: 0.2575, Standard Deviation: 0.06378675411086537
Mean Precision: 0.25025462962962963, Standard Deviation: 0.06146780716090229
Mean Recall: 0.25555555555555554, Standard Deviation: 0.06309898162000305
Mean F1 Score: 0.2438523667690335, Standard Deviation: 0.056149179733701725
Mean AUROC: 0.5747479838709678, Standard Deviation: 0.03600642905517223
Confusion Matrix:
 [[ 4  7  5  6  7  3  7  6]
 [ 6 13  6  4  5  5  1  5]
 [ 5  6  7  4  4  3  8  8]
 [ 4  3  6  8 10  2  3  9]
 [ 5  5  8  5  8  2  5  7]
 [ 5  2  4  3  3 22  3  3]
 [ 5  7  7  2  3  3 14  4]
 [ 9  0  4  7  3  3  3 16]]
------------------------------------------------
Fold Results
------------------------------------------------
Train time: [0.01700305938720703, 0.01900339126586914, 0.018001794815063477, 0.018003225326538086, 0.018503189086914062, 0.018002748489379883, 0.017502784729003906, 0.017002344131469727, 0.018503665924072266, 0.01800370216369629]
Accuracy: [0.3055555555555556, 0.25, 0.25, 0.25, 0.19444444444444445, 0.2222222222222222, 0.3888888888888889, 0.1388888888888889, 0.2777777777777778, 0.2777777777777778]
Balanced Accuracy: [0.30625, 0.2625, 0.25625, 0.275, 0.19999999999999998, 0.21875, 0.3875, 0.13125, 0.2625, 0.275]
Precision: [0.3386574074074074, 0.26157407407407407, 0.2546296296296296, 0.18472222222222223, 0.20740740740740737, 0.2708333333333333, 0.35152116402116396, 0.13690476190476192, 0.2569444444444444, 0.23935185185185187]
Recall: [0.3055555555555556, 0.25, 0.25, 0.25, 0.19444444444444445, 0.2222222222222222, 0.3888888888888889, 0.1388888888888889, 0.2777777777777778, 0.2777777777777778]
F1 Score: [0.28785612535612537, 0.2486772486772487, 0.24768518518518523, 0.20643738977072312, 0.19821228154561488, 0.2330467372134039, 0.361038961038961, 0.1358024691358025, 0.2638750138750139, 0.25589225589225584]
AUROC: [0.6018145161290323, 0.5710685483870968, 0.5720766129032258, 0.5730846774193549, 0.5372983870967742, 0.5579637096774194, 0.6517137096774194, 0.5090725806451613, 0.5856854838709676, 0.5877016129032258]
------------------------------------------------
