Classifier Results
------------------------------------------------
Dataset: gym movements ax
Classifier: Decision Tree
------------------------------------------------
Summary Stats
------------------------------------------------
Mean Train time: 0.01722414493560791, Standard Deviation: 0.0024786758224206104
Mean Accuracy: 0.39722222222222225, Standard Deviation: 0.05562495665139107
Mean Balanced Accuracy: 0.40062499999999995, Standard Deviation: 0.05284484955981992
Mean Precision: 0.4186100088183421, Standard Deviation: 0.05652624944953736
Mean Recall: 0.39722222222222225, Standard Deviation: 0.05562495665139107
Mean F1 Score: 0.383957354374021, Standard Deviation: 0.05316663176691563
Mean AUROC: 0.6555443548387097, Standard Deviation: 0.03124528450374686
Confusion Matrix:
 [[ 8  4  6  1  9  3  3 11]
 [ 1 18  0  4  6  4  5  7]
 [14  0 18  2  5  1  2  3]
 [ 2  6  0 28  2  4  0  3]
 [ 4  6  2  5 13  5  6  4]
 [ 5  5  1  2  2 25  3  2]
 [ 6  7  2  1  6  2 17  4]
 [ 7  6  3  7  3  1  2 16]]
------------------------------------------------
Fold Results
------------------------------------------------
Train time: [0.024004459381103516, 0.017502307891845703, 0.018502235412597656, 0.017502546310424805, 0.016002893447875977, 0.015502214431762695, 0.016003131866455078, 0.015716552734375, 0.015002250671386719, 0.016502857208251953]
Accuracy: [0.3611111111111111, 0.3888888888888889, 0.3333333333333333, 0.4166666666666667, 0.3611111111111111, 0.4444444444444444, 0.4444444444444444, 0.5, 0.4166666666666667, 0.3055555555555556]
Balanced Accuracy: [0.38125, 0.39375, 0.3375, 0.4375, 0.37499999999999994, 0.4375, 0.44999999999999996, 0.48750000000000004, 0.40625, 0.30000000000000004]
Precision: [0.3333333333333333, 0.4601851851851852, 0.49259259259259264, 0.3954365079365079, 0.35648148148148145, 0.39629629629629626, 0.47685185185185186, 0.4629629629629629, 0.4647376543209876, 0.3472222222222222]
Recall: [0.3611111111111111, 0.3888888888888889, 0.3333333333333333, 0.4166666666666667, 0.3611111111111111, 0.4444444444444444, 0.4444444444444444, 0.5, 0.4166666666666667, 0.3055555555555556]
F1 Score: [0.32923280423280427, 0.3915664582331249, 0.33140933140933143, 0.3870971620971621, 0.34337421837421833, 0.41380070546737213, 0.4574074074074074, 0.4755291005291006, 0.40228598561931894, 0.30787037037037035]
AUROC: [0.6345766129032258, 0.6502016129032258, 0.6199596774193548, 0.6668346774193549, 0.6350806451612904, 0.6829637096774194, 0.6824596774193549, 0.7127016129032258, 0.6663306451612904, 0.6043346774193549]
------------------------------------------------
