Classifier Results
------------------------------------------------
Dataset: gym movements gy
Classifier: Decision Tree
------------------------------------------------
Summary Stats
------------------------------------------------
Mean Train time: 0.018553709983825682, Standard Deviation: 0.0013319271982669492
Mean Accuracy: 0.15833333333333333, Standard Deviation: 0.05129495920172053
Mean Balanced Accuracy: 0.15687500000000001, Standard Deviation: 0.04828706477929674
Mean Precision: 0.1507407407407407, Standard Deviation: 0.05465860557245613
Mean Recall: 0.15833333333333333, Standard Deviation: 0.05129495920172053
Mean F1 Score: 0.15010128760128763, Standard Deviation: 0.05068193925690411
Mean AUROC: 0.5186995967741935, Standard Deviation: 0.029480889430337737
Confusion Matrix:
 [[ 3  9  5  6  6  4  6  6]
 [ 7  6  6  7  5  4  3  7]
 [ 7  5  9  2  4  7  6  5]
 [ 2  7  3  3  6  8  8  8]
 [13  2  2  4  7  9  3  5]
 [ 9  4  1  2  5 15  6  3]
 [ 6  7  5  8  6  7  4  2]
 [ 4  7  5  7  5  4  3 10]]
------------------------------------------------
Fold Results
------------------------------------------------
Train time: [0.017503023147583008, 0.02050304412841797, 0.020003080368041992, 0.016503095626831055, 0.017502784729003906, 0.018503189086914062, 0.0200040340423584, 0.018502473831176758, 0.019509315490722656, 0.01700305938720703]
Accuracy: [0.1111111111111111, 0.08333333333333333, 0.16666666666666666, 0.1388888888888889, 0.16666666666666666, 0.1111111111111111, 0.16666666666666666, 0.19444444444444445, 0.2777777777777778, 0.16666666666666666]
Balanced Accuracy: [0.125, 0.08125, 0.1625, 0.1375, 0.16875, 0.10625000000000001, 0.1625, 0.18125000000000002, 0.26875, 0.175]
Precision: [0.09074074074074073, 0.07142857142857142, 0.14821428571428572, 0.14583333333333334, 0.18055555555555555, 0.1148148148148148, 0.11388888888888887, 0.17592592592592593, 0.2665343915343915, 0.19947089947089947]
Recall: [0.1111111111111111, 0.08333333333333333, 0.16666666666666666, 0.1388888888888889, 0.16666666666666666, 0.1111111111111111, 0.16666666666666666, 0.19444444444444445, 0.2777777777777778, 0.16666666666666666]
F1 Score: [0.09938271604938272, 0.07575757575757576, 0.15446127946127947, 0.1369810744810745, 0.17125220458553791, 0.10991863075196408, 0.1348528015194682, 0.1789445122778456, 0.26754850088183424, 0.17191358024691358]
AUROC: [0.49193548387096775, 0.47731854838709675, 0.5226814516129032, 0.5065524193548386, 0.5246975806451614, 0.49143145161290325, 0.5221774193548386, 0.5403225806451614, 0.5882056451612904, 0.5216733870967742]
------------------------------------------------
