Classifier Results
------------------------------------------------
Dataset: gym movements accel
Classifier: Decision Tree
------------------------------------------------
Summary Stats
------------------------------------------------
Mean Train time: 0.045557475090026854, Standard Deviation: 0.0016350305761092352
Mean Accuracy: 0.43611111111111117, Standard Deviation: 0.06217508134888719
Mean Balanced Accuracy: 0.43624999999999997, Standard Deviation: 0.06457795676544748
Mean Precision: 0.4586529982363315, Standard Deviation: 0.07324261008889413
Mean Recall: 0.43611111111111117, Standard Deviation: 0.06217508134888719
Mean F1 Score: 0.4275195637695638, Standard Deviation: 0.06161101416341945
Mean AUROC: 0.6780745967741935, Standard Deviation: 0.0356290916398146
Confusion Matrix:
 [[17  2  8  2  3  0  2 11]
 [ 3 18  0  8  3  3  4  6]
 [ 9  2 19  2  3  2  3  5]
 [ 4  9  4 20  3  0  1  4]
 [ 7  5  9  2 18  0  1  3]
 [ 1  1  1  5  1 31  1  4]
 [ 3  5  2  4  3  2 22  4]
 [ 6  5  3  9  5  3  2 12]]
------------------------------------------------
Fold Results
------------------------------------------------
Train time: [0.050008296966552734, 0.04550600051879883, 0.045508623123168945, 0.0440058708190918, 0.0460057258605957, 0.04500865936279297, 0.04600811004638672, 0.045008182525634766, 0.04400777816772461, 0.044507503509521484]
Accuracy: [0.4722222222222222, 0.5277777777777778, 0.4722222222222222, 0.4166666666666667, 0.5, 0.4444444444444444, 0.4444444444444444, 0.3611111111111111, 0.3055555555555556, 0.4166666666666667]
Balanced Accuracy: [0.46875, 0.5375000000000001, 0.4625, 0.43125, 0.5, 0.4375, 0.45, 0.36875, 0.29374999999999996, 0.41250000000000003]
Precision: [0.48584656084656075, 0.5273148148148148, 0.4984126984126984, 0.4634038800705468, 0.5555555555555556, 0.5212962962962963, 0.4703703703703704, 0.34012345679012346, 0.3472222222222222, 0.376984126984127]
Recall: [0.4722222222222222, 0.5277777777777778, 0.4722222222222222, 0.4166666666666667, 0.5, 0.4444444444444444, 0.4444444444444444, 0.3611111111111111, 0.3055555555555556, 0.4166666666666667]
F1 Score: [0.46540804874138214, 0.5048901715568382, 0.4746773288439955, 0.3888426388426389, 0.49757834757834757, 0.4522446689113355, 0.4468574635241302, 0.3417989417989418, 0.3198051948051948, 0.3830928330928331]
AUROC: [0.6980846774193549, 0.730342741935484, 0.6985887096774195, 0.6683467741935485, 0.7157258064516129, 0.6824596774193548, 0.6819556451612904, 0.6345766129032258, 0.6033266129032258, 0.6673387096774194]
------------------------------------------------
