Classifier Results
------------------------------------------------
Dataset: gym movements
Classifier: Decision Tree
------------------------------------------------
Summary Stats
------------------------------------------------
Mean Train time: 0.08984475135803223, Standard Deviation: 0.0015147049472874641
Mean Accuracy: 0.4333333333333333, Standard Deviation: 0.07049209744694178
Mean Balanced Accuracy: 0.4325, Standard Deviation: 0.06885219676960204
Mean Precision: 0.47171186067019394, Standard Deviation: 0.12844282694377085
Mean Recall: 0.4333333333333333, Standard Deviation: 0.07049209744694178
Mean F1 Score: 0.4257963949630616, Standard Deviation: 0.07833681721163135
Mean AUROC: 0.6762096774193548, Standard Deviation: 0.03986331191505077
Confusion Matrix:
 [[14  4  8  2  3  1  4  9]
 [ 3 13  3  4  7  2  5  8]
 [ 8  3 21  3  1  4  1  4]
 [ 3  5  4 22  4  0  1  6]
 [ 4  5  6  1 20  2  3  4]
 [ 1  2  2  2  1 35  2  0]
 [ 0  8  0  2  5  0 16 14]
 [ 4  5  3  5  5  2  6 15]]
------------------------------------------------
Fold Results
------------------------------------------------
Train time: [0.08751440048217773, 0.09001636505126953, 0.08901572227478027, 0.08901596069335938, 0.08901548385620117, 0.09101557731628418, 0.08951568603515625, 0.09151577949523926, 0.08880472183227539, 0.0930178165435791]
Accuracy: [0.4444444444444444, 0.5, 0.4444444444444444, 0.4444444444444444, 0.4722222222222222, 0.4166666666666667, 0.3888888888888889, 0.3888888888888889, 0.2777777777777778, 0.5555555555555556]
Balanced Accuracy: [0.45625, 0.5, 0.44999999999999996, 0.45, 0.46875, 0.4, 0.3875, 0.3875, 0.28125, 0.54375]
Precision: [0.7345679012345678, 0.5395833333333333, 0.4384920634920635, 0.48148148148148145, 0.4212962962962962, 0.4634259259259259, 0.4125, 0.3125, 0.2861111111111111, 0.6271604938271604]
Recall: [0.4444444444444444, 0.5, 0.4444444444444444, 0.4444444444444444, 0.4722222222222222, 0.4166666666666667, 0.3888888888888889, 0.3888888888888889, 0.2777777777777778, 0.5555555555555556]
F1 Score: [0.46916971916971917, 0.5087674671008003, 0.42081930415263746, 0.43522727272727274, 0.43341550424883757, 0.40857414190747526, 0.39656084656084656, 0.3426326759660092, 0.27253086419753086, 0.570266153599487]
AUROC: [0.6844758064516129, 0.7137096774193549, 0.6834677419354838, 0.6814516129032258, 0.6985887096774195, 0.6663306451612904, 0.6512096774193549, 0.6491935483870968, 0.5887096774193549, 0.7449596774193549]
------------------------------------------------
