Classifier Results
------------------------------------------------
Dataset: gym movements gx
Classifier: Decision Tree
------------------------------------------------
Summary Stats
------------------------------------------------
Mean Train time: 0.016452646255493163, Standard Deviation: 0.0004714907879033591
Mean Accuracy: 0.28055555555555556, Standard Deviation: 0.040157867485558225
Mean Balanced Accuracy: 0.284375, Standard Deviation: 0.042042575147105354
Mean Precision: 0.2803659611992945, Standard Deviation: 0.04849777447156639
Mean Recall: 0.28055555555555556, Standard Deviation: 0.040157867485558225
Mean F1 Score: 0.2671344396344396, Standard Deviation: 0.03998503290253352
Mean AUROC: 0.589616935483871, Standard Deviation: 0.023062216146884487
Confusion Matrix:
 [[ 8  2  6  5  4  2 13  5]
 [ 3  9  2  8 10  3  6  4]
 [ 6  6 19  2  3  2  4  3]
 [ 4  4  4  5  8  4  7  9]
 [ 4  6  2 11 12  1  8  1]
 [ 2  1  5  2  1 24  4  6]
 [ 5  5  4  3  3  5 12  8]
 [ 4  4  4  5  4  6  6 12]]
------------------------------------------------
Fold Results
------------------------------------------------
Train time: [0.017002105712890625, 0.01650238037109375, 0.0155029296875, 0.016501665115356445, 0.017002344131469727, 0.016503572463989258, 0.016003131866455078, 0.016003131866455078, 0.01700305938720703, 0.01650214195251465]
Accuracy: [0.3611111111111111, 0.2777777777777778, 0.25, 0.2777777777777778, 0.2222222222222222, 0.25, 0.3333333333333333, 0.3055555555555556, 0.2777777777777778, 0.25]
Balanced Accuracy: [0.36875, 0.27499999999999997, 0.25625, 0.2875, 0.21875, 0.25, 0.3375, 0.3125, 0.275, 0.2625]
Precision: [0.35262345679012347, 0.22916666666666666, 0.2614417989417989, 0.2619047619047619, 0.30462962962962964, 0.28714726631393295, 0.34675925925925927, 0.31183862433862436, 0.2601851851851852, 0.18796296296296297]
Recall: [0.3611111111111111, 0.2777777777777778, 0.25, 0.2777777777777778, 0.2222222222222222, 0.25, 0.3333333333333333, 0.3055555555555556, 0.2777777777777778, 0.25]
F1 Score: [0.34075261158594494, 0.23675861175861174, 0.245216049382716, 0.2639991181657848, 0.23358585858585862, 0.24884760301426972, 0.3232583774250441, 0.30363155363155364, 0.264800785634119, 0.2104938271604938]
AUROC: [0.6360887096774194, 0.5882056451612903, 0.5700604838709677, 0.5856854838709676, 0.5584677419354839, 0.5715725806451614, 0.6214717741935485, 0.6033266129032258, 0.5877016129032259, 0.5735887096774194]
------------------------------------------------
