Classifier Results
------------------------------------------------
Dataset: gym movements gz
Classifier: Decision Tree
------------------------------------------------
Summary Stats
------------------------------------------------
Mean Train time: 0.015323710441589356, Standard Deviation: 0.0008907672165531389
Mean Accuracy: 0.49722222222222223, Standard Deviation: 0.05335936864527375
Mean Balanced Accuracy: 0.49437500000000006, Standard Deviation: 0.05586325379889719
Mean Precision: 0.5013425925925926, Standard Deviation: 0.0567856545877866
Mean Recall: 0.49722222222222223, Standard Deviation: 0.05335936864527375
Mean F1 Score: 0.4792829084495751, Standard Deviation: 0.0477903483564124
Mean AUROC: 0.7124495967741935, Standard Deviation: 0.030181601441759687
Confusion Matrix:
 [[11  2 13  5  5  4  3  2]
 [ 4 14  5  2  5  3  1 11]
 [ 9  2 17  2  6  6  0  3]
 [ 4  0  0 37  0  1  2  1]
 [ 3  2  5  2 32  0  1  0]
 [10  1  1  0  1 31  0  1]
 [ 1  5  1  2  0  3 24  9]
 [ 6 11  3  1  0  2  9 13]]
------------------------------------------------
Fold Results
------------------------------------------------
Train time: [0.015003681182861328, 0.014002084732055664, 0.01650261878967285, 0.015002727508544922, 0.016212940216064453, 0.015002250671386719, 0.017002344131469727, 0.01500248908996582, 0.014501810073852539, 0.015004158020019531]
Accuracy: [0.4722222222222222, 0.5, 0.5833333333333334, 0.4444444444444444, 0.4722222222222222, 0.3888888888888889, 0.5277777777777778, 0.5555555555555556, 0.5, 0.5277777777777778]
Balanced Accuracy: [0.46875, 0.5125, 0.59375, 0.4375, 0.4625, 0.38749999999999996, 0.51875, 0.55, 0.48750000000000004, 0.525]
Precision: [0.48498677248677247, 0.5218253968253967, 0.5273148148148148, 0.5343915343915344, 0.46064814814814814, 0.38571428571428573, 0.5324074074074073, 0.6087962962962963, 0.5034391534391535, 0.4539021164021164]
Recall: [0.4722222222222222, 0.5, 0.5833333333333334, 0.4444444444444444, 0.4722222222222222, 0.3888888888888889, 0.5277777777777778, 0.5555555555555556, 0.5, 0.5277777777777778]
F1 Score: [0.4697771364438031, 0.49113155363155364, 0.5401515151515152, 0.44282106782106784, 0.45430495430495427, 0.37049062049062054, 0.5147186147186147, 0.5407808241141574, 0.48791486291486286, 0.4807379349046015]
AUROC: [0.6990927419354839, 0.7127016129032258, 0.7620967741935484, 0.6824596774193549, 0.6960685483870968, 0.6522177419354839, 0.7308467741935485, 0.7444556451612904, 0.7147177419354838, 0.7298387096774194]
------------------------------------------------
