Classifier Results
------------------------------------------------
Dataset: gym movements ay
Classifier: Decision Tree
------------------------------------------------
Summary Stats
------------------------------------------------
Mean Train time: 0.017052698135375976, Standard Deviation: 0.00047180423403971614
Mean Accuracy: 0.4, Standard Deviation: 0.06938886664887109
Mean Balanced Accuracy: 0.39937500000000004, Standard Deviation: 0.06837682812912572
Mean Precision: 0.40881172839506175, Standard Deviation: 0.09616788532758228
Mean Recall: 0.4, Standard Deviation: 0.06938886664887109
Mean F1 Score: 0.38880756589089926, Standard Deviation: 0.07797942285867646
Mean AUROC: 0.6561995967741935, Standard Deviation: 0.040189706727314194
Confusion Matrix:
 [[12  5 10  4  6  2  3  3]
 [ 6 14  3  2  5  1  5  9]
 [13  3 18  1  1  3  2  4]
 [ 4  1  2 17  0  6  6  9]
 [ 3  4  5  1 29  0  1  2]
 [ 5  1  5  1  1 31  0  1]
 [ 7  7  2  6  1  1 11 10]
 [ 4  9  3 10  1  2  4 12]]
------------------------------------------------
Fold Results
------------------------------------------------
Train time: [0.01700282096862793, 0.01650238037109375, 0.017003536224365234, 0.017502784729003906, 0.016503334045410156, 0.01800251007080078, 0.016501188278198242, 0.01700282096862793, 0.017502784729003906, 0.01700282096862793]
Accuracy: [0.4166666666666667, 0.4444444444444444, 0.4444444444444444, 0.5, 0.3333333333333333, 0.3611111111111111, 0.5, 0.3611111111111111, 0.2777777777777778, 0.3611111111111111]
Balanced Accuracy: [0.41874999999999996, 0.44375000000000003, 0.44999999999999996, 0.5, 0.33125000000000004, 0.35, 0.49375, 0.36250000000000004, 0.2875, 0.35625]
Precision: [0.5054563492063492, 0.4282407407407407, 0.5046626984126985, 0.5259259259259259, 0.2803571428571428, 0.3580246913580247, 0.5297619047619047, 0.2966269841269841, 0.30720899470899465, 0.35185185185185186]
Recall: [0.4166666666666667, 0.4444444444444444, 0.4444444444444444, 0.5, 0.3333333333333333, 0.3611111111111111, 0.5, 0.3611111111111111, 0.2777777777777778, 0.3611111111111111]
F1 Score: [0.44426715260048594, 0.4332210998877666, 0.4245785079118412, 0.5010421677088345, 0.2916666666666667, 0.3428992303992304, 0.4998677248677248, 0.32261503928170593, 0.2791806958473625, 0.34873737373737373]
AUROC: [0.6653225806451614, 0.6824596774193548, 0.6819556451612904, 0.7147177419354839, 0.6159274193548386, 0.6335685483870966, 0.7132056451612903, 0.6350806451612903, 0.5856854838709677, 0.6340725806451614]
------------------------------------------------
