Classifier Results
------------------------------------------------
Dataset: independent
Classifier: Random Forest
------------------------------------------------
Train time: 0.35358619689941406
Accuracy: 0.3375
Balanced Accuracy: 0.3375
Precision: 0.43617116579073106
Recall: 0.3375
F1 Score: 0.3452650157813201
AUROC: 0.7141964285714286
Confusion Matrix:
 [[5 0 0 0 0 0 1 4]
 [0 4 0 0 0 0 3 3]
 [4 0 3 0 0 1 0 2]
 [0 3 0 5 0 0 0 2]
 [0 0 1 0 0 0 4 5]
 [0 0 0 1 7 2 0 0]
 [1 4 0 0 0 0 3 2]
 [0 2 0 0 0 0 3 5]]
------------------------------------------------
