Classifier Results
------------------------------------------------
Dataset: Harry_gym_movements_az
Classifier: BOSSEnsemble()
------------------------------------------------
Train time: 28.106365442276
Accuracy: 0.6062992125984252
Balanced Accuracy: 0.5934065934065933
Precision: 0.6658718224131758
Recall: 0.5934065934065933
F1 Score: 0.5800151728861761
AUROC: 0.84296765157562
Confusion Matrix:
 [[ 8  2  3  4  0  1  2]
 [ 3 12  2  0  0  1  2]
 [ 7  0 10  0  0  1  2]
 [ 4  0  1 12  0  1  0]
 [ 2  2  3  3  2  1  0]
 [ 0  0  2  0  0 15  1]
 [ 0  0  0  0  0  0 18]]
------------------------------------------------
