Classifier Results
------------------------------------------------
Dataset: Harry_gym_movements_ay
Classifier: BOSSEnsemble()
------------------------------------------------
Train time: 36.73976492881775
Accuracy: 0.9300699300699301
Balanced Accuracy: 0.936024844720497
Precision: 0.9373173192722065
Recall: 0.936024844720497
F1 Score: 0.9292914229646304
AUROC: 0.9967037822552138
Confusion Matrix:
 [[15  0  5  0  2  0  1]
 [ 0 20  0  0  0  0  0]
 [ 0  0 20  0  0  0  0]
 [ 0  0  0 20  0  0  0]
 [ 0  0  0  0 20  0  0]
 [ 0  0  0  0  0 20  0]
 [ 0  1  0  1  0  0 18]]
------------------------------------------------
