Classifier Results
------------------------------------------------
Dataset: Harry_gym_movements_gy
Classifier: BOSSEnsemble()
------------------------------------------------
Train time: 39.01428699493408
Accuracy: 0.5925925925925926
Balanced Accuracy: 0.5809523809523809
Precision: 0.624050024050024
Recall: 0.5809523809523809
F1 Score: 0.5679374962703863
AUROC: 0.8490458937198068
Confusion Matrix:
 [[ 7  0  5  6  0  0  2]
 [ 0 12  2  3  0  2  1]
 [ 0  0 20  0  0  0  0]
 [ 1  1  2  9  1  4  2]
 [ 1  0  4  2  4  2  2]
 [ 1  1  1  1  0 12  4]
 [ 0  0  1  1  1  1 16]]
------------------------------------------------
