Classifier Results
------------------------------------------------
Dataset: Harry_gym_movements_ax
Classifier: BOSSEnsemble()
------------------------------------------------
Train time: 36.284621477127075
Accuracy: 0.7832167832167832
Balanced Accuracy: 0.7888198757763976
Precision: 0.8043163464216097
Recall: 0.7888198757763976
F1 Score: 0.7833880984548971
AUROC: 0.9530449931828511
Confusion Matrix:
 [[12  0  6  0  0  4  1]
 [ 0 17  0  0  0  0  3]
 [ 0  0 20  0  0  0  0]
 [ 2  0  0 18  0  0  0]
 [ 2  0  0  5 12  1  0]
 [ 0  0  1  1  0 18  0]
 [ 4  0  0  0  0  1 15]]
------------------------------------------------
