Classifier Results
------------------------------------------------
Dataset: Harry_gym_movements_gz
Classifier: BOSSEnsemble()
------------------------------------------------
Train time: 73.57522249221802
Accuracy: 0.9925925925925926
Balanced Accuracy: 0.9928571428571429
Precision: 0.9931972789115646
Recall: 0.9928571428571429
F1 Score: 0.9928526757795051
AUROC: 1.0
Confusion Matrix:
 [[19  0  0  1  0  0  0]
 [ 0 20  0  0  0  0  0]
 [ 0  0 20  0  0  0  0]
 [ 0  0  0 20  0  0  0]
 [ 0  0  0  0 15  0  0]
 [ 0  0  0  0  0 20  0]
 [ 0  0  0  0  0  0 20]]
------------------------------------------------
