Classifier Results
------------------------------------------------
Dataset: Harry_gym_movements_gx
Classifier: BOSSEnsemble()
------------------------------------------------
Train time: 128.3805594444275
Accuracy: 0.7119565217391305
Balanced Accuracy: 0.7119565217391304
Precision: 0.7172355997753004
Recall: 0.7119565217391304
F1 Score: 0.6956862956862957
AUROC: 0.920908722657305
Confusion Matrix:
 [[11  1  6  1  0  0  2  2]
 [ 0 21  0  0  0  2  0  0]
 [ 1  2 16  0  1  0  2  1]
 [ 0  0  0 23  0  0  0  0]
 [ 0  7  0  1 14  1  0  0]
 [ 1  1  1  0  2 17  0  1]
 [ 0  0  1  0  1  0 21  0]
 [ 1  0  1  7  1  1  4  8]]
------------------------------------------------
