Classifier Results
------------------------------------------------
Dataset: gym movements ax
Classifier: kNN-DTW
------------------------------------------------
Train time: 0.2935812473297119
Accuracy: 0.6739130434782609
Balanced Accuracy: 0.6739130434782609
Precision: 0.6832205688412782
Recall: 0.6739130434782609
F1 Score: 0.6748915685992939
AUROC: 0.813664596273292
Confusion Matrix:
 [[10  1  8  0  3  0  1  0]
 [ 3 14  0  0  1  1  3  1]
 [ 3  0 17  0  1  0  0  2]
 [ 2  0  0 19  0  2  0  0]
 [ 4  0  3  0 16  0  0  0]
 [ 1  0  0  5  1 16  0  0]
 [ 0  1  0  1  4  1 16  0]
 [ 0  2  0  0  0  1  4 16]]
------------------------------------------------
