Classifier Results
------------------------------------------------
Dataset: gym movements gx
Classifier: kNN-DTW
------------------------------------------------
Train time: 0.29127979278564453
Accuracy: 0.5706521739130435
Balanced Accuracy: 0.5706521739130435
Precision: 0.59242007992008
Recall: 0.5706521739130435
F1 Score: 0.5721977489785361
AUROC: 0.7546583850931676
Confusion Matrix:
 [[ 7  3  5  5  0  2  0  1]
 [ 1 18  0  1  2  1  0  0]
 [ 4  3 10  4  1  1  0  0]
 [ 4  0  0 13  2  0  3  1]
 [ 1 10  0  2  9  0  0  1]
 [ 1  2  4  0  0 16  0  0]
 [ 3  0  1  0  0  0 16  3]
 [ 5  0  0  1  0  0  1 16]]
------------------------------------------------
