Classifier Results
------------------------------------------------
Dataset: gym movements az
Classifier: kNN-DTW
------------------------------------------------
Train time: 0.342592716217041
Accuracy: 0.5597826086956522
Balanced Accuracy: 0.5597826086956522
Precision: 0.553599952136067
Recall: 0.5597826086956522
F1 Score: 0.5415060098165857
AUROC: 0.7484472049689441
Confusion Matrix:
 [[ 4  3  7  1  1  2  1  4]
 [ 3  7  7  1  2  1  2  0]
 [ 2  3 14  1  0  1  1  1]
 [ 2  0  2 15  1  2  0  1]
 [ 2  2  7  2  9  0  0  1]
 [ 0  0  0  0  0 21  2  0]
 [ 0  0  0  0  0  1 22  0]
 [ 1  0  3  3  2  3  0 11]]
------------------------------------------------
