Classifier Results
------------------------------------------------
Dataset: gym movements gz
Classifier: kNN-DTW
------------------------------------------------
Train time: 0.2530643939971924
Accuracy: 0.8913043478260869
Balanced Accuracy: 0.8913043478260869
Precision: 0.8909011917323937
Recall: 0.8913043478260869
F1 Score: 0.8879669528927822
AUROC: 0.937888198757764
Confusion Matrix:
 [[15  0  3  0  2  0  0  3]
 [ 0 23  0  0  0  0  0  0]
 [ 2  0 20  0  1  0  0  0]
 [ 0  0  0 23  0  0  0  0]
 [ 0  0  0  0 23  0  0  0]
 [ 0  0  0  0  0 23  0  0]
 [ 0  1  0  0  0  0 20  2]
 [ 0  2  0  0  0  0  4 17]]
------------------------------------------------
